*******************************************************************************
 Date__(UT)__HR:MN     R.A._(ICRF/J2000.0)_DEC
**********************************************
$$SOE
 2015-Jan-01 00:00     21 34 26.93 -15 37 19.6
 2015-Jan-02 00:00     21 37 30.74 -15 21 40.8
 2015-Jan-03 00:00     21 40 34.10 -15 05 52.9
 2015-Jan-04 00:00     21 43 37.03 -14 49 56.2
 2015-Jan-05 00:00     21 46 39.52 -14 33 51.0
 2015-Jan-06 00:00     21 49 41.58 -14 17 37.3
 2015-Jan-07 00:00     21 52 43.20 -14 01 15.4
 2015-Jan-08 00:00     21 55 44.40 -13 44 45.5
 2015-Jan-09 00:00     21 58 45.18 -13 28 07.8
 2015-Jan-10 00:00     22 01 45.55 -13 11 22.5
 2015-Jan-11 00:00     22 04 45.50 -12 54 29.8
 2015-Jan-12 00:00     22 07 45.04 -12 37 29.9
 2015-Jan-13 00:00     22 10 44.19 -12 20 23.0
 2015-Jan-14 00:00     22 13 42.94 -12 03 09.3
 2015-Jan-15 00:00     22 16 41.30 -11 45 49.0
 2015-Jan-16 00:00     22 19 39.27 -11 28 22.4
 2015-Jan-17 00:00     22 22 36.87 -11 10 49.5
 2015-Jan-18 00:00     22 25 34.09 -10 53 10.8
 2015-Jan-19 00:00     22 28 30.95 -10 35 26.2
 2015-Jan-20 00:00     22 31 27.44 -10 17 36.1
 2015-Jan-21 00:00     22 34 23.57 -09 59 40.7
 2015-Jan-22 00:00     22 37 19.35 -09 41 40.2
 2015-Jan-23 00:00     22 40 14.77 -09 23 34.9
 2015-Jan-24 00:00     22 43 09.84 -09 05 24.8
 2015-Jan-25 00:00     22 46 04.58 -08 47 10.3
 2015-Jan-26 00:00     22 48 58.96 -08 28 51.6
 2015-Jan-27 00:00     22 51 53.02 -08 10 28.8
 2015-Jan-28 00:00     22 54 46.74 -07 52 02.3
 2015-Jan-29 00:00     22 57 40.14 -07 33 32.1
 2015-Jan-30 00:00     23 00 33.22 -07 14 58.5
 2015-Jan-31 00:00     23 03 25.99 -06 56 21.8
 2015-Feb-01 00:00     23 06 18.46 -06 37 42.0
 2015-Feb-02 00:00     23 09 10.63 -06 18 59.4
 2015-Feb-03 00:00     23 12 02.52 -06 00 14.2
 2015-Feb-04 00:00     23 14 54.13 -05 41 26.5
 2015-Feb-05 00:00     23 17 45.47 -05 22 36.7
 2015-Feb-06 00:00     23 20 36.55 -05 03 44.7
 2015-Feb-07 00:00     23 23 27.38 -04 44 51.0
 2015-Feb-08 00:00     23 26 17.97 -04 25 55.5
 2015-Feb-09 00:00     23 29 08.32 -04 06 58.6
 2015-Feb-10 00:00     23 31 58.46 -03 48 00.4
 2015-Feb-11 00:00     23 34 48.38 -03 29 01.1
 2015-Feb-12 00:00     23 37 38.10 -03 10 00.8
 2015-Feb-13 00:00     23 40 27.63 -02 50 59.8
 2015-Feb-14 00:00     23 43 16.97 -02 31 58.3
 2015-Feb-15 00:00     23 46 06.13 -02 12 56.4
 2015-Feb-16 00:00     23 48 55.13 -01 53 54.3
 2015-Feb-17 00:00     23 51 43.97 -01 34 52.2
 2015-Feb-18 00:00     23 54 32.65 -01 15 50.3
 2015-Feb-19 00:00     23 57 21.19 -00 56 48.8
 2015-Feb-20 00:00     00 00 09.59 -00 37 47.9
 2015-Feb-21 00:00     00 02 57.86 -00 18 47.7
 2015-Feb-22 00:00     00 05 46.00 +00 00 11.5
 2015-Feb-23 00:00     00 08 34.01 +00 19 09.5
 2015-Feb-24 00:00     00 11 21.91 +00 38 06.2
 2015-Feb-25 00:00     00 14 09.70 +00 57 01.3
 2015-Feb-26 00:00     00 16 57.39 +01 15 54.7
 2015-Feb-27 00:00     00 19 44.98 +01 34 46.3
 2015-Feb-28 00:00     00 22 32.49 +01 53 35.8
 2015-Mar-01 00:00     00 25 19.91 +02 12 23.0
 2015-Mar-02 00:00     00 28 07.27 +02 31 07.8
 2015-Mar-03 00:00     00 30 54.56 +02 49 50.1
 2015-Mar-04 00:00     00 33 41.80 +03 08 29.6
 2015-Mar-05 00:00     00 36 28.99 +03 27 06.2
 2015-Mar-06 00:00     00 39 16.14 +03 45 39.8
 2015-Mar-07 00:00     00 42 03.27 +04 04 10.1
 2015-Mar-08 00:00     00 44 50.38 +04 22 37.0
 2015-Mar-09 00:00     00 47 37.48 +04 41 00.4
 2015-Mar-10 00:00     00 50 24.58 +04 59 20.1
 2015-Mar-11 00:00     00 53 11.69 +05 17 36.0
 2015-Mar-12 00:00     00 55 58.82 +05 35 47.8
 2015-Mar-13 00:00     00 58 45.97 +05 53 55.4
 2015-Mar-14 00:00     01 01 33.16 +06 11 58.8
 2015-Mar-15 00:00     01 04 20.38 +06 29 57.6
 2015-Mar-16 00:00     01 07 07.66 +06 47 51.8
 2015-Mar-17 00:00     01 09 55.00 +07 05 41.3
 2015-Mar-18 00:00     01 12 42.40 +07 23 25.8
 2015-Mar-19 00:00     01 15 29.86 +07 41 05.2
 2015-Mar-20 00:00     01 18 17.41 +07 58 39.3
 2015-Mar-21 00:00     01 21 05.03 +08 16 08.0
 2015-Mar-22 00:00     01 23 52.73 +08 33 31.1
 2015-Mar-23 00:00     01 26 40.52 +08 50 48.5
 2015-Mar-24 00:00     01 29 28.40 +09 08 00.0
 2015-Mar-25 00:00     01 32 16.37 +09 25 05.4
 2015-Mar-26 00:00     01 35 04.45 +09 42 04.6
 2015-Mar-27 00:00     01 37 52.62 +09 58 57.4
 2015-Mar-28 00:00     01 40 40.90 +10 15 43.8
 2015-Mar-29 00:00     01 43 29.30 +10 32 23.5
 2015-Mar-30 00:00     01 46 17.81 +10 48 56.4
 2015-Mar-31 00:00     01 49 06.45 +11 05 22.3
 2015-Apr-01 00:00     01 51 55.21 +11 21 41.2
 2015-Apr-02 00:00     01 54 44.11 +11 37 52.9
 2015-Apr-03 00:00     01 57 33.15 +11 53 57.2
 2015-Apr-04 00:00     02 00 22.34 +12 09 54.1
 2015-Apr-05 00:00     02 03 11.68 +12 25 43.3
 2015-Apr-06 00:00     02 06 01.17 +12 41 24.8
 2015-Apr-07 00:00     02 08 50.82 +12 56 58.5
 2015-Apr-08 00:00     02 11 40.64 +13 12 24.2
 2015-Apr-09 00:00     02 14 30.64 +13 27 41.7
 2015-Apr-10 00:00     02 17 20.80 +13 42 51.0
 2015-Apr-11 00:00     02 20 11.16 +13 57 52.0
 2015-Apr-12 00:00     02 23 01.69 +14 12 44.5
 2015-Apr-13 00:00     02 25 52.42 +14 27 28.3
 2015-Apr-14 00:00     02 28 43.34 +14 42 03.5
 2015-Apr-15 00:00     02 31 34.46 +14 56 29.8
 2015-Apr-16 00:00     02 34 25.77 +15 10 47.1
 2015-Apr-17 00:00     02 37 17.28 +15 24 55.3
 2015-Apr-18 00:00     02 40 08.99 +15 38 54.3
 2015-Apr-19 00:00     02 43 00.90 +15 52 44.0
 2015-Apr-20 00:00     02 45 53.00 +16 06 24.2
 2015-Apr-21 00:00     02 48 45.30 +16 19 54.8
 2015-Apr-22 00:00     02 51 37.80 +16 33 15.7
 2015-Apr-23 00:00     02 54 30.48 +16 46 26.8
 2015-Apr-24 00:00     02 57 23.37 +16 59 27.9
 2015-Apr-25 00:00     03 00 16.44 +17 12 19.0
 2015-Apr-26 00:00     03 03 09.70 +17 24 59.9
 2015-Apr-27 00:00     03 06 03.16 +17 37 30.6
 2015-Apr-28 00:00     03 08 56.80 +17 49 50.9
 2015-Apr-29 00:00     03 11 50.64 +18 02 00.7
 2015-Apr-30 00:00     03 14 44.66 +18 13 59.9
 2015-May-01 00:00     03 17 38.88 +18 25 48.5
 2015-May-02 00:00     03 20 33.28 +18 37 26.3
 2015-May-03 00:00     03 23 27.87 +18 48 53.2
 2015-May-04 00:00     03 26 22.65 +19 00 09.2
 2015-May-05 00:00     03 29 17.62 +19 11 14.1
 2015-May-06 00:00     03 32 12.77 +19 22 08.0
 2015-May-07 00:00     03 35 08.11 +19 32 50.6
 2015-May-08 00:00     03 38 03.64 +19 43 21.9
 2015-May-09 00:00     03 40 59.35 +19 53 41.9
 2015-May-10 00:00     03 43 55.24 +20 03 50.4
 2015-May-11 00:00     03 46 51.31 +20 13 47.4
 2015-May-12 00:00     03 49 47.56 +20 23 32.8
 2015-May-13 00:00     03 52 43.99 +20 33 06.5
 2015-May-14 00:00     03 55 40.58 +20 42 28.5
 2015-May-15 00:00     03 58 37.34 +20 51 38.6
 2015-May-16 00:00     04 01 34.26 +21 00 36.9
 2015-May-17 00:00     04 04 31.33 +21 09 23.2
 2015-May-18 00:00     04 07 28.55 +21 17 57.5
 2015-May-19 00:00     04 10 25.91 +21 26 19.7
 2015-May-20 00:00     04 13 23.40 +21 34 29.8
 2015-May-21 00:00     04 16 21.01 +21 42 27.6
 2015-May-22 00:00     04 19 18.75 +21 50 13.1
 2015-May-23 00:00     04 22 16.59 +21 57 46.4
 2015-May-24 00:00     04 25 14.53 +22 05 07.2
 2015-May-25 00:00     04 28 12.57 +22 12 15.6
 2015-May-26 00:00     04 31 10.70 +22 19 11.5
 2015-May-27 00:00     04 34 08.90 +22 25 54.9
 2015-May-28 00:00     04 37 07.19 +22 32 25.7
 2015-May-29 00:00     04 40 05.54 +22 38 43.9
 2015-May-30 00:00     04 43 03.96 +22 44 49.5
 2015-May-31 00:00     04 46 02.43 +22 50 42.4
 2015-Jun-01 00:00     04 49 00.96 +22 56 22.6
 2015-Jun-02 00:00     04 51 59.52 +23 01 50.0
 2015-Jun-03 00:00     04 54 58.13 +23 07 04.7
 2015-Jun-04 00:00     04 57 56.76 +23 12 06.7
 2015-Jun-05 00:00     05 00 55.42 +23 16 55.8
 2015-Jun-06 00:00     05 03 54.10 +23 21 32.1
 2015-Jun-07 00:00     05 06 52.80 +23 25 55.6
 2015-Jun-08 00:00     05 09 51.50 +23 30 06.2
 2015-Jun-09 00:00     05 12 50.20 +23 34 04.0
 2015-Jun-10 00:00     05 15 48.89 +23 37 49.0
 2015-Jun-11 00:00     05 18 47.57 +23 41 21.1
 2015-Jun-12 00:00     05 21 46.22 +23 44 40.3
 2015-Jun-13 00:00     05 24 44.84 +23 47 46.7
 2015-Jun-14 00:00     05 27 43.41 +23 50 40.2
 2015-Jun-15 00:00     05 30 41.92 +23 53 20.9
 2015-Jun-16 00:00     05 33 40.37 +23 55 48.8
 2015-Jun-17 00:00     05 36 38.75 +23 58 03.8
 2015-Jun-18 00:00     05 39 37.03 +24 00 06.1
 2015-Jun-19 00:00     05 42 35.22 +24 01 55.5
 2015-Jun-20 00:00     05 45 33.29 +24 03 32.1
 2015-Jun-21 00:00     05 48 31.25 +24 04 56.0
 2015-Jun-22 00:00     05 51 29.08 +24 06 07.2
 2015-Jun-23 00:00     05 54 26.78 +24 07 05.7
 2015-Jun-24 00:00     05 57 24.32 +24 07 51.5
 2015-Jun-25 00:00     06 00 21.71 +24 08 24.6
 2015-Jun-26 00:00     06 03 18.94 +24 08 45.1
 2015-Jun-27 00:00     06 06 15.99 +24 08 53.1
 2015-Jun-28 00:00     06 09 12.86 +24 08 48.5
 2015-Jun-29 00:00     06 12 09.54 +24 08 31.4
 2015-Jun-30 00:00     06 15 06.03 +24 08 01.9
 2015-Jul-01 00:00     06 18 02.31 +24 07 19.9
 2015-Jul-02 00:00     06 20 58.39 +24 06 25.6
 2015-Jul-03 00:00     06 23 54.25 +24 05 19.0
 2015-Jul-04 00:00     06 26 49.88 +24 04 00.1
 2015-Jul-05 00:00     06 29 45.29 +24 02 29.0
 2015-Jul-06 00:00     06 32 40.47 +24 00 45.8
 2015-Jul-07 00:00     06 35 35.41 +23 58 50.4
 2015-Jul-08 00:00     06 38 30.10 +23 56 43.1
 2015-Jul-09 00:00     06 41 24.54 +23 54 23.8
 2015-Jul-10 00:00     06 44 18.71 +23 51 52.5
 2015-Jul-11 00:00     06 47 12.62 +23 49 09.5
 2015-Jul-12 00:00     06 50 06.25 +23 46 14.7
 2015-Jul-13 00:00     06 52 59.60 +23 43 08.3
 2015-Jul-14 00:00     06 55 52.65 +23 39 50.2
 2015-Jul-15 00:00     06 58 45.40 +23 36 20.6
 2015-Jul-16 00:00     07 01 37.83 +23 32 39.6
 2015-Jul-17 00:00     07 04 29.95 +23 28 47.2
 2015-Jul-18 00:00     07 07 21.74 +23 24 43.5
 2015-Jul-19 00:00     07 10 13.20 +23 20 28.7
 2015-Jul-20 00:00     07 13 04.32 +23 16 02.7
 2015-Jul-21 00:00     07 15 55.09 +23 11 25.7
 2015-Jul-22 00:00     07 18 45.51 +23 06 37.7
 2015-Jul-23 00:00     07 21 35.56 +23 01 38.9
 2015-Jul-24 00:00     07 24 25.26 +22 56 29.4
 2015-Jul-25 00:00     07 27 14.58 +22 51 09.1
 2015-Jul-26 00:00     07 30 03.53 +22 45 38.3
 2015-Jul-27 00:00     07 32 52.10 +22 39 57.0
 2015-Jul-28 00:00     07 35 40.29 +22 34 05.3
 2015-Jul-29 00:00     07 38 28.09 +22 28 03.3
 2015-Jul-30 00:00     07 41 15.51 +22 21 51.0
 2015-Jul-31 00:00     07 44 02.54 +22 15 28.7
 2015-Aug-01 00:00     07 46 49.18 +22 08 56.3
 2015-Aug-02 00:00     07 49 35.43 +22 02 14.0
 2015-Aug-03 00:00     07 52 21.28 +21 55 21.8
 2015-Aug-04 00:00     07 55 06.75 +21 48 20.0
 2015-Aug-05 00:00     07 57 51.82 +21 41 08.5
 2015-Aug-06 00:00     08 00 36.49 +21 33 47.4
 2015-Aug-07 00:00     08 03 20.77 +21 26 17.0
 2015-Aug-08 00:00     08 06 04.64 +21 18 37.2
 2015-Aug-09 00:00     08 08 48.11 +21 10 48.2
 2015-Aug-10 00:00     08 11 31.17 +21 02 50.1
 2015-Aug-11 00:00     08 14 13.82 +20 54 43.0
 2015-Aug-12 00:00     08 16 56.06 +20 46 27.1
 2015-Aug-13 00:00     08 19 37.88 +20 38 02.4
 2015-Aug-14 00:00     08 22 19.28 +20 29 29.0
 2015-Aug-15 00:00     08 25 00.26 +20 20 47.1
 2015-Aug-16 00:00     08 27 40.81 +20 11 56.8
 2015-Aug-17 00:00     08 30 20.94 +20 02 58.2
 2015-Aug-18 00:00     08 33 00.65 +19 53 51.3
 2015-Aug-19 00:00     08 35 39.92 +19 44 36.4
 2015-Aug-20 00:00     08 38 18.76 +19 35 13.5
 2015-Aug-21 00:00     08 40 57.18 +19 25 42.7
 2015-Aug-22 00:00     08 43 35.16 +19 16 04.2
 2015-Aug-23 00:00     08 46 12.72 +19 06 18.0
 2015-Aug-24 00:00     08 48 49.85 +18 56 24.2
 2015-Aug-25 00:00     08 51 26.54 +18 46 23.1
 2015-Aug-26 00:00     08 54 02.82 +18 36 14.6
 2015-Aug-27 00:00     08 56 38.67 +18 25 58.9
 2015-Aug-28 00:00     08 59 14.10 +18 15 36.1
 2015-Aug-29 00:00     09 01 49.11 +18 05 06.3
 2015-Aug-30 00:00     09 04 23.71 +17 54 29.5
 2015-Aug-31 00:00     09 06 57.90 +17 43 46.0
 2015-Sep-01 00:00     09 09 31.68 +17 32 55.8
 2015-Sep-02 00:00     09 12 05.07 +17 21 59.0
 2015-Sep-03 00:00     09 14 38.05 +17 10 55.7
 2015-Sep-04 00:00     09 17 10.64 +16 59 46.0
 2015-Sep-05 00:00     09 19 42.83 +16 48 30.1
 2015-Sep-06 00:00     09 22 14.63 +16 37 08.0
 2015-Sep-07 00:00     09 24 46.03 +16 25 39.9
 2015-Sep-08 00:00     09 27 17.05 +16 14 05.9
 2015-Sep-09 00:00     09 29 47.67 +16 02 26.2
 2015-Sep-10 00:00     09 32 17.91 +15 50 40.7
 2015-Sep-11 00:00     09 34 47.76 +15 38 49.7
 2015-Sep-12 00:00     09 37 17.22 +15 26 53.2
 2015-Sep-13 00:00     09 39 46.30 +15 14 51.4
 2015-Sep-14 00:00     09 42 15.00 +15 02 44.3
 2015-Sep-15 00:00     09 44 43.32 +14 50 32.2
 2015-Sep-16 00:00     09 47 11.26 +14 38 15.1
 2015-Sep-17 00:00     09 49 38.82 +14 25 53.0
 2015-Sep-18 00:00     09 52 06.00 +14 13 26.3
 2015-Sep-19 00:00     09 54 32.82 +14 00 54.8
 2015-Sep-20 00:00     09 56 59.27 +13 48 18.8
 2015-Sep-21 00:00     09 59 25.35 +13 35 38.3
 2015-Sep-22 00:00     10 01 51.07 +13 22 53.5
 2015-Sep-23 00:00     10 04 16.44 +13 10 04.5
 2015-Sep-24 00:00     10 06 41.45 +12 57 11.3
 2015-Sep-25 00:00     10 09 06.12 +12 44 14.0
 2015-Sep-26 00:00     10 11 30.45 +12 31 12.9
 2015-Sep-27 00:00     10 13 54.44 +12 18 07.8
 2015-Sep-28 00:00     10 16 18.10 +12 04 59.0
 2015-Sep-29 00:00     10 18 41.44 +11 51 46.6
 2015-Sep-30 00:00     10 21 04.47 +11 38 30.6
 2015-Oct-01 00:00     10 23 27.19 +11 25 11.1
 2015-Oct-02 00:00     10 25 49.59 +11 11 48.2
 2015-Oct-03 00:00     10 28 11.70 +10 58 22.1
 2015-Oct-04 00:00     10 30 33.51 +10 44 52.9
 2015-Oct-05 00:00     10 32 55.03 +10 31 20.6
 2015-Oct-06 00:00     10 35 16.25 +10 17 45.3
 2015-Oct-07 00:00     10 37 37.18 +10 04 07.3
 2015-Oct-08 00:00     10 39 57.83 +09 50 26.5
 2015-Oct-09 00:00     10 42 18.19 +09 36 43.1
 2015-Oct-10 00:00     10 44 38.27 +09 22 57.2
 2015-Oct-11 00:00     10 46 58.07 +09 09 08.9
 2015-Oct-12 00:00     10 49 17.60 +08 55 18.3
 2015-Oct-13 00:00     10 51 36.85 +08 41 25.5
 2015-Oct-14 00:00     10 53 55.84 +08 27 30.7
 2015-Oct-15 00:00     10 56 14.55 +08 13 33.8
 2015-Oct-16 00:00     10 58 33.00 +07 59 35.2
 2015-Oct-17 00:00     11 00 51.19 +07 45 34.7
 2015-Oct-18 00:00     11 03 09.13 +07 31 32.5
 2015-Oct-19 00:00     11 05 26.80 +07 17 28.8
 2015-Oct-20 00:00     11 07 44.23 +07 03 23.7
 2015-Oct-21 00:00     11 10 01.42 +06 49 17.1
 2015-Oct-22 00:00     11 12 18.36 +06 35 09.2
 2015-Oct-23 00:00     11 14 35.07 +06 21 00.2
 2015-Oct-24 00:00     11 16 51.54 +06 06 50.0
 2015-Oct-25 00:00     11 19 07.80 +05 52 38.9
 2015-Oct-26 00:00     11 21 23.83 +05 38 26.7
 2015-Oct-27 00:00     11 23 39.66 +05 24 13.8
 2015-Oct-28 00:00     11 25 55.28 +05 10 00.0
 2015-Oct-29 00:00     11 28 10.71 +04 55 45.6
 2015-Oct-30 00:00     11 30 25.93 +04 41 30.6
 2015-Oct-31 00:00     11 32 40.97 +04 27 15.1
 2015-Nov-01 00:00     11 34 55.83 +04 12 59.2
 2015-Nov-02 00:00     11 37 10.50 +03 58 43.0
 2015-Nov-03 00:00     11 39 24.98 +03 44 26.5
 2015-Nov-04 00:00     11 41 39.30 +03 30 10.0
 2015-Nov-05 00:00     11 43 53.43 +03 15 53.5
 2015-Nov-06 00:00     11 46 07.39 +03 01 37.1
 2015-Nov-07 00:00     11 48 21.18 +02 47 20.8
 2015-Nov-08 00:00     11 50 34.80 +02 33 04.9
 2015-Nov-09 00:00     11 52 48.25 +02 18 49.3
 2015-Nov-10 00:00     11 55 01.53 +02 04 34.3
 2015-Nov-11 00:00     11 57 14.64 +01 50 19.8
 2015-Nov-12 00:00     11 59 27.59 +01 36 06.1
 2015-Nov-13 00:00     12 01 40.38 +01 21 53.1
 2015-Nov-14 00:00     12 03 53.01 +01 07 41.0
 2015-Nov-15 00:00     12 06 05.48 +00 53 29.9
 2015-Nov-16 00:00     12 08 17.79 +00 39 19.9
 2015-Nov-17 00:00     12 10 29.94 +00 25 11.0
 2015-Nov-18 00:00     12 12 41.95 +00 11 03.4
 2015-Nov-19 00:00     12 14 53.80 -00 03 02.9
 2015-Nov-20 00:00     12 17 05.51 -00 17 07.8
 2015-Nov-21 00:00     12 19 17.08 -00 31 11.1
 2015-Nov-22 00:00     12 21 28.52 -00 45 12.9
 2015-Nov-23 00:00     12 23 39.82 -00 59 13.1
 2015-Nov-24 00:00     12 25 50.99 -01 13 11.5
 2015-Nov-25 00:00     12 28 02.04 -01 27 08.0
 2015-Nov-26 00:00     12 30 12.97 -01 41 02.8
 2015-Nov-27 00:00     12 32 23.78 -01 54 55.5
 2015-Nov-28 00:00     12 34 34.48 -02 08 46.2
 2015-Nov-29 00:00     12 36 45.07 -02 22 34.8
 2015-Nov-30 00:00     12 38 55.54 -02 36 21.1
 2015-Dec-01 00:00     12 41 05.91 -02 50 05.2
 2015-Dec-02 00:00     12 43 16.17 -03 03 46.8
 2015-Dec-03 00:00     12 45 26.32 -03 17 26.0
 2015-Dec-04 00:00     12 47 36.35 -03 31 02.6
 2015-Dec-05 00:00     12 49 46.28 -03 44 36.5
 2015-Dec-06 00:00     12 51 56.09 -03 58 07.6
 2015-Dec-07 00:00     12 54 05.79 -04 11 35.9
 2015-Dec-08 00:00     12 56 15.37 -04 25 01.2
 2015-Dec-09 00:00     12 58 24.84 -04 38 23.5
 2015-Dec-10 00:00     13 00 34.18 -04 51 42.7
 2015-Dec-11 00:00     13 02 43.41 -05 04 58.6
 2015-Dec-12 00:00     13 04 52.51 -05 18 11.2
 2015-Dec-13 00:00     13 07 01.49 -05 31 20.5
 2015-Dec-14 00:00     13 09 10.34 -05 44 26.2
 2015-Dec-15 00:00     13 11 19.06 -05 57 28.4
 2015-Dec-16 00:00     13 13 27.65 -06 10 27.0
 2015-Dec-17 00:00     13 15 36.12 -06 23 21.8
 2015-Dec-18 00:00     13 17 44.45 -06 36 12.8
 2015-Dec-19 00:00     13 19 52.66 -06 49 00.0
 2015-Dec-20 00:00     13 22 00.74 -07 01 43.3
 2015-Dec-21 00:00     13 24 08.69 -07 14 22.6
 2015-Dec-22 00:00     13 26 16.51 -07 26 57.8
 2015-Dec-23 00:00     13 28 24.21 -07 39 28.9
 2015-Dec-24 00:00     13 30 31.78 -07 51 55.8
 2015-Dec-25 00:00     13 32 39.23 -08 04 18.5
 2015-Dec-26 00:00     13 34 46.55 -08 16 36.9
 2015-Dec-27 00:00     13 36 53.74 -08 28 50.9
 2015-Dec-28 00:00     13 39 00.80 -08 41 00.5
 2015-Dec-29 00:00     13 41 07.72 -08 53 05.5
 2015-Dec-30 00:00     13 43 14.50 -09 05 06.0
 2015-Dec-31 00:00     13 45 21.13 -09 17 01.7
 2016-Jan-01 00:00     13 47 27.62 -09 28 52.8
 2016-Jan-02 00:00     13 49 33.94 -09 40 39.0
 2016-Jan-03 00:00     13 51 40.10 -09 52 20.4
 2016-Jan-04 00:00     13 53 46.10 -10 03 56.7
 2016-Jan-05 00:00     13 55 51.91 -10 15 28.1
 2016-Jan-06 00:00     13 57 57.54 -10 26 54.3
 2016-Jan-07 00:00     14 00 02.98 -10 38 15.4
 2016-Jan-08 00:00     14 02 08.21 -10 49 31.2
 2016-Jan-09 00:00     14 04 13.24 -11 00 41.7
 2016-Jan-10 00:00     14 06 18.04 -11 11 46.8
 2016-Jan-11 00:00     14 08 22.62 -11 22 46.4
 2016-Jan-12 00:00     14 10 26.97 -11 33 40.6
 2016-Jan-13 00:00     14 12 31.07 -11 44 29.1
 2016-Jan-14 00:00     14 14 34.92 -11 55 12.1
 2016-Jan-15 00:00     14 16 38.52 -12 05 49.3
 2016-Jan-16 00:00     14 18 41.86 -12 16 20.8
 2016-Jan-17 00:00     14 20 44.93 -12 26 46.6
 2016-Jan-18 00:00     14 22 47.73 -12 37 06.6
 2016-Jan-19 00:00     14 24 50.25 -12 47 20.7
 2016-Jan-20 00:00     14 26 52.48 -12 57 29.0
 2016-Jan-21 00:00     14 28 54.42 -13 07 31.4
 2016-Jan-22 00:00     14 30 56.07 -13 17 27.9
 2016-Jan-23 00:00     14 32 57.40 -13 27 18.4
 2016-Jan-24 00:00     14 34 58.42 -13 37 02.9
 2016-Jan-25 00:00     14 36 59.12 -13 46 41.3
 2016-Jan-26 00:00     14 38 59.48 -13 56 13.7
 2016-Jan-27 00:00     14 40 59.48 -14 05 40.0
 2016-Jan-28 00:00     14 42 59.12 -14 15 00.1
 2016-Jan-29 00:00     14 44 58.39 -14 24 14.1
 2016-Jan-30 00:00     14 46 57.26 -14 33 21.8
 2016-Jan-31 00:00     14 48 55.72 -14 42 23.3
 2016-Feb-01 00:00     14 50 53.76 -14 51 18.5
 2016-Feb-02 00:00     14 52 51.36 -15 00 07.3
 2016-Feb-03 00:00     14 54 48.50 -15 08 49.9
 2016-Feb-04 00:00     14 56 45.16 -15 17 26.0
 2016-Feb-05 00:00     14 58 41.32 -15 25 55.7
 2016-Feb-06 00:00     15 00 36.97 -15 34 19.0
 2016-Feb-07 00:00     15 02 32.09 -15 42 35.8
 2016-Feb-08 00:00     15 04 26.65 -15 50 46.1
 2016-Feb-09 00:00     15 06 20.64 -15 58 49.9
 2016-Feb-10 00:00     15 08 14.04 -16 06 47.2
 2016-Feb-11 00:00     15 10 06.83 -16 14 37.9
 2016-Feb-12 00:00     15 11 58.98 -16 22 22.1
 2016-Feb-13 00:00     15 13 50.50 -16 29 59.8
 2016-Feb-14 00:00     15 15 41.35 -16 37 31.0
 2016-Feb-15 00:00     15 17 31.53 -16 44 55.6
 2016-Feb-16 00:00     15 19 21.01 -16 52 13.8
 2016-Feb-17 00:00     15 21 09.78 -16 59 25.5
 2016-Feb-18 00:00     15 22 57.82 -17 06 30.8
 2016-Feb-19 00:00     15 24 45.12 -17 13 29.6
 2016-Feb-20 00:00     15 26 31.64 -17 20 22.0
 2016-Feb-21 00:00     15 28 17.37 -17 27 08.0
 2016-Feb-22 00:00     15 30 02.29 -17 33 47.7
 2016-Feb-23 00:00     15 31 46.37 -17 40 21.1
 2016-Feb-24 00:00     15 33 29.58 -17 46 48.1
 2016-Feb-25 00:00     15 35 11.90 -17 53 08.9
 2016-Feb-26 00:00     15 36 53.31 -17 59 23.4
 2016-Feb-27 00:00     15 38 33.76 -18 05 31.7
 2016-Feb-28 00:00     15 40 13.23 -18 11 33.7
 2016-Feb-29 00:00     15 41 51.68 -18 17 29.6
 2016-Mar-01 00:00     15 43 29.09 -18 23 19.3
 2016-Mar-02 00:00     15 45 05.43 -18 29 02.9
 2016-Mar-03 00:00     15 46 40.64 -18 34 40.5
 2016-Mar-04 00:00     15 48 14.71 -18 40 12.0
 2016-Mar-05 00:00     15 49 47.58 -18 45 37.4
 2016-Mar-06 00:00     15 51 19.23 -18 50 56.9
 2016-Mar-07 00:00     15 52 49.62 -18 56 10.4
 2016-Mar-08 00:00     15 54 18.70 -19 01 18.0
 2016-Mar-09 00:00     15 55 46.45 -19 06 19.8
 2016-Mar-10 00:00     15 57 12.82 -19 11 15.8
 2016-Mar-11 00:00     15 58 37.78 -19 16 06.0
 2016-Mar-12 00:00     16 00 01.29 -19 20 50.5
 2016-Mar-13 00:00     16 01 23.33 -19 25 29.5
 2016-Mar-14 00:00     16 02 43.85 -19 30 02.9
 2016-Mar-15 00:00     16 04 02.83 -19 34 30.8
 2016-Mar-16 00:00     16 05 20.22 -19 38 53.4
 2016-Mar-17 00:00     16 06 36.00 -19 43 10.6
 2016-Mar-18 00:00     16 07 50.12 -19 47 22.7
 2016-Mar-19 00:00     16 09 02.54 -19 51 29.6
 2016-Mar-20 00:00     16 10 13.23 -19 55 31.4
 2016-Mar-21 00:00     16 11 22.14 -19 59 28.3
 2016-Mar-22 00:00     16 12 29.23 -20 03 20.3
 2016-Mar-23 00:00     16 13 34.44 -20 07 07.4
 2016-Mar-24 00:00     16 14 37.74 -20 10 49.8
 2016-Mar-25 00:00     16 15 39.07 -20 14 27.5
 2016-Mar-26 00:00     16 16 38.38 -20 18 00.6
 2016-Mar-27 00:00     16 17 35.62 -20 21 29.1
 2016-Mar-28 00:00     16 18 30.74 -20 24 53.1
 2016-Mar-29 00:00     16 19 23.68 -20 28 12.7
 2016-Mar-30 00:00     16 20 14.38 -20 31 27.9
 2016-Mar-31 00:00     16 21 02.80 -20 34 38.8
 2016-Apr-01 00:00     16 21 48.87 -20 37 45.5
 2016-Apr-02 00:00     16 22 32.54 -20 40 47.9
 2016-Apr-03 00:00     16 23 13.75 -20 43 46.1
 2016-Apr-04 00:00     16 23 52.44 -20 46 40.1
 2016-Apr-05 00:00     16 24 28.55 -20 49 30.1
 2016-Apr-06 00:00     16 25 02.04 -20 52 15.9
 2016-Apr-07 00:00     16 25 32.85 -20 54 57.7
 2016-Apr-08 00:00     16 26 00.94 -20 57 35.4
 2016-Apr-09 00:00     16 26 26.26 -21 00 09.2
 2016-Apr-10 00:00     16 26 48.76 -21 02 39.0
 2016-Apr-11 00:00     16 27 08.41 -21 05 04.8
 2016-Apr-12 00:00     16 27 25.18 -21 07 26.7
 2016-Apr-13 00:00     16 27 39.02 -21 09 44.7
 2016-Apr-14 00:00     16 27 49.89 -21 11 58.8
 2016-Apr-15 00:00     16 27 57.77 -21 14 09.0
 2016-Apr-16 00:00     16 28 02.62 -21 16 15.3
 2016-Apr-17 00:00     16 28 04.40 -21 18 17.7
 2016-Apr-18 00:00     16 28 03.08 -21 20 16.1
 2016-Apr-19 00:00     16 27 58.62 -21 22 10.6
 2016-Apr-20 00:00     16 27 51.00 -21 24 01.0
 2016-Apr-21 00:00     16 27 40.19 -21 25 47.3
 2016-Apr-22 00:00     16 27 26.16 -21 27 29.5
 2016-Apr-23 00:00     16 27 08.89 -21 29 07.4
 2016-Apr-24 00:00     16 26 48.37 -21 30 41.0
 2016-Apr-25 00:00     16 26 24.56 -21 32 10.2
 2016-Apr-26 00:00     16 25 57.48 -21 33 34.7
 2016-Apr-27 00:00     16 25 27.09 -21 34 54.6
 2016-Apr-28 00:00     16 24 53.42 -21 36 09.6
 2016-Apr-29 00:00     16 24 16.46 -21 37 19.7
 2016-Apr-30 00:00     16 23 36.22 -21 38 24.7
 2016-May-01 00:00     16 22 52.73 -21 39 24.3
 2016-May-02 00:00     16 22 06.00 -21 40 18.5
 2016-May-03 00:00     16 21 16.09 -21 41 07.2
 2016-May-04 00:00     16 20 23.04 -21 41 50.0
 2016-May-05 00:00     16 19 26.91 -21 42 27.0
 2016-May-06 00:00     16 18 27.78 -21 42 57.9
 2016-May-07 00:00     16 17 25.72 -21 43 22.6
 2016-May-08 00:00     16 16 20.84 -21 43 41.1
 2016-May-09 00:00     16 15 13.24 -21 43 53.3
 2016-May-10 00:00     16 14 03.04 -21 43 59.1
 2016-May-11 00:00     16 12 50.36 -21 43 58.4
 2016-May-12 00:00     16 11 35.33 -21 43 51.3
 2016-May-13 00:00     16 10 18.08 -21 43 37.8
 2016-May-14 00:00     16 08 58.76 -21 43 17.7
 2016-May-15 00:00     16 07 37.52 -21 42 51.3
 2016-May-16 00:00     16 06 14.50 -21 42 18.6
 2016-May-17 00:00     16 04 49.86 -21 41 39.5
 2016-May-18 00:00     16 03 23.78 -21 40 54.3
 2016-May-19 00:00     16 01 56.41 -21 40 03.1
 2016-May-20 00:00     16 00 27.93 -21 39 06.1
 2016-May-21 00:00     15 58 58.52 -21 38 03.3
 2016-May-22 00:00     15 57 28.35 -21 36 55.1
 2016-May-23 00:00     15 55 57.61 -21 35 41.7
 2016-May-24 00:00     15 54 26.48 -21 34 23.3
 2016-May-25 00:00     15 52 55.16 -21 33 00.4
 2016-May-26 00:00     15 51 23.83 -21 31 33.1
 2016-May-27 00:00     15 49 52.67 -21 30 01.9
 2016-May-28 00:00     15 48 21.89 -21 28 27.2
 2016-May-29 00:00     15 46 51.68 -21 26 49.4
 2016-May-30 00:00     15 45 22.23 -21 25 08.9
 2016-May-31 00:00     15 43 53.72 -21 23 26.3
 2016-Jun-01 00:00     15 42 26.37 -21 21 42.0
 2016-Jun-02 00:00     15 41 00.35 -21 19 56.6
 2016-Jun-03 00:00     15 39 35.85 -21 18 10.6
 2016-Jun-04 00:00     15 38 13.07 -21 16 24.8
 2016-Jun-05 00:00     15 36 52.19 -21 14 39.5
 2016-Jun-06 00:00     15 35 33.37 -21 12 55.6
 2016-Jun-07 00:00     15 34 16.78 -21 11 13.6
 2016-Jun-08 00:00     15 33 02.57 -21 09 34.1
 2016-Jun-09 00:00     15 31 50.89 -21 07 57.8
 2016-Jun-10 00:00     15 30 41.87 -21 06 25.2
 2016-Jun-11 00:00     15 29 35.62 -21 04 56.8
 2016-Jun-12 00:00     15 28 32.25 -21 03 33.3
 2016-Jun-13 00:00     15 27 31.85 -21 02 15.2
 2016-Jun-14 00:00     15 26 34.52 -21 01 02.9
 2016-Jun-15 00:00     15 25 40.33 -20 59 56.8
 2016-Jun-16 00:00     15 24 49.35 -20 58 57.5
 2016-Jun-17 00:00     15 24 01.63 -20 58 05.3
 2016-Jun-18 00:00     15 23 17.23 -20 57 20.5
 2016-Jun-19 00:00     15 22 36.19 -20 56 43.5
 2016-Jun-20 00:00     15 21 58.54 -20 56 14.6
 2016-Jun-21 00:00     15 21 24.30 -20 55 54.1
 2016-Jun-22 00:00     15 20 53.52 -20 55 42.2
 2016-Jun-23 00:00     15 20 26.19 -20 55 39.0
 2016-Jun-24 00:00     15 20 02.33 -20 55 44.9
 2016-Jun-25 00:00     15 19 41.95 -20 55 59.8
 2016-Jun-26 00:00     15 19 25.06 -20 56 24.0
 2016-Jun-27 00:00     15 19 11.65 -20 56 57.6
 2016-Jun-28 00:00     15 19 01.74 -20 57 40.6
 2016-Jun-29 00:00     15 18 55.31 -20 58 33.1
 2016-Jun-30 00:00     15 18 52.36 -20 59 35.3
 2016-Jul-01 00:00     15 18 52.88 -21 00 47.0
 2016-Jul-02 00:00     15 18 56.87 -21 02 08.4
 2016-Jul-03 00:00     15 19 04.32 -21 03 39.4
 2016-Jul-04 00:00     15 19 15.20 -21 05 20.1
 2016-Jul-05 00:00     15 19 29.49 -21 07 10.4
 2016-Jul-06 00:00     15 19 47.17 -21 09 10.2
 2016-Jul-07 00:00     15 20 08.21 -21 11 19.4
 2016-Jul-08 00:00     15 20 32.57 -21 13 37.9
 2016-Jul-09 00:00     15 21 00.21 -21 16 05.6
 2016-Jul-10 00:00     15 21 31.08 -21 18 42.3
 2016-Jul-11 00:00     15 22 05.15 -21 21 27.7
 2016-Jul-12 00:00     15 22 42.37 -21 24 21.8
 2016-Jul-13 00:00     15 23 22.69 -21 27 24.3
 2016-Jul-14 00:00     15 24 06.07 -21 30 34.9
 2016-Jul-15 00:00     15 24 52.44 -21 33 53.3
 2016-Jul-16 00:00     15 25 41.77 -21 37 19.4
 2016-Jul-17 00:00     15 26 34.01 -21 40 52.8
 2016-Jul-18 00:00     15 27 29.10 -21 44 33.3
 2016-Jul-19 00:00     15 28 27.00 -21 48 20.5
 2016-Jul-20 00:00     15 29 27.65 -21 52 14.2
 2016-Jul-21 00:00     15 30 31.02 -21 56 14.1
 2016-Jul-22 00:00     15 31 37.06 -22 00 19.7
 2016-Jul-23 00:00     15 32 45.72 -22 04 31.0
 2016-Jul-24 00:00     15 33 56.96 -22 08 47.4
 2016-Jul-25 00:00     15 35 10.75 -22 13 08.7
 2016-Jul-26 00:00     15 36 27.05 -22 17 34.7
 2016-Jul-27 00:00     15 37 45.83 -22 22 05.0
 2016-Jul-28 00:00     15 39 07.05 -22 26 39.3
 2016-Jul-29 00:00     15 40 30.68 -22 31 17.3
 2016-Jul-30 00:00     15 41 56.70 -22 35 58.8
 2016-Jul-31 00:00     15 43 25.07 -22 40 43.4
 2016-Aug-01 00:00     15 44 55.76 -22 45 30.9
 2016-Aug-02 00:00     15 46 28.74 -22 50 21.0
 2016-Aug-03 00:00     15 48 03.98 -22 55 13.3
 2016-Aug-04 00:00     15 49 41.44 -23 00 07.6
 2016-Aug-05 00:00     15 51 21.09 -23 05 03.5
 2016-Aug-06 00:00     15 53 02.89 -23 10 00.8
 2016-Aug-07 00:00     15 54 46.80 -23 14 59.2
 2016-Aug-08 00:00     15 56 32.78 -23 19 58.2
 2016-Aug-09 00:00     15 58 20.81 -23 24 57.6
 2016-Aug-10 00:00     16 00 10.83 -23 29 57.0
 2016-Aug-11 00:00     16 02 02.83 -23 34 56.2
 2016-Aug-12 00:00     16 03 56.75 -23 39 54.7
 2016-Aug-13 00:00     16 05 52.56 -23 44 52.3
 2016-Aug-14 00:00     16 07 50.23 -23 49 48.7
 2016-Aug-15 00:00     16 09 49.72 -23 54 43.5
 2016-Aug-16 00:00     16 11 51.00 -23 59 36.4
 2016-Aug-17 00:00     16 13 54.03 -24 04 27.0
 2016-Aug-18 00:00     16 15 58.78 -24 09 15.1
 2016-Aug-19 00:00     16 18 05.22 -24 14 00.2
 2016-Aug-20 00:00     16 20 13.32 -24 18 42.2
 2016-Aug-21 00:00     16 22 23.06 -24 23 20.7
 2016-Aug-22 00:00     16 24 34.41 -24 27 55.4
 2016-Aug-23 00:00     16 26 47.34 -24 32 26.0
 2016-Aug-24 00:00     16 29 01.84 -24 36 52.1
 2016-Aug-25 00:00     16 31 17.88 -24 41 13.6
 2016-Aug-26 00:00     16 33 35.45 -24 45 30.2
 2016-Aug-27 00:00     16 35 54.53 -24 49 41.5
 2016-Aug-28 00:00     16 38 15.09 -24 53 47.4
 2016-Aug-29 00:00     16 40 37.12 -24 57 47.4
 2016-Aug-30 00:00     16 43 00.60 -25 01 41.5
 2016-Aug-31 00:00     16 45 25.50 -25 05 29.3
 2016-Sep-01 00:00     16 47 51.80 -25 09 10.6
 2016-Sep-02 00:00     16 50 19.47 -25 12 45.1
 2016-Sep-03 00:00     16 52 48.50 -25 16 12.5
 2016-Sep-04 00:00     16 55 18.84 -25 19 32.6
 2016-Sep-05 00:00     16 57 50.49 -25 22 45.1
 2016-Sep-06 00:00     17 00 23.40 -25 25 49.9
 2016-Sep-07 00:00     17 02 57.56 -25 28 46.5
 2016-Sep-08 00:00     17 05 32.93 -25 31 34.9
 2016-Sep-09 00:00     17 08 09.49 -25 34 14.6
 2016-Sep-10 00:00     17 10 47.20 -25 36 45.6
 2016-Sep-11 00:00     17 13 26.04 -25 39 07.6
 2016-Sep-12 00:00     17 16 05.98 -25 41 20.2
 2016-Sep-13 00:00     17 18 46.99 -25 43 23.3
 2016-Sep-14 00:00     17 21 29.04 -25 45 16.8
 2016-Sep-15 00:00     17 24 12.11 -25 47 00.2
 2016-Sep-16 00:00     17 26 56.16 -25 48 33.5
 2016-Sep-17 00:00     17 29 41.18 -25 49 56.3
 2016-Sep-18 00:00     17 32 27.13 -25 51 08.6
 2016-Sep-19 00:00     17 35 14.00 -25 52 10.0
 2016-Sep-20 00:00     17 38 01.76 -25 53 00.5
 2016-Sep-21 00:00     17 40 50.39 -25 53 39.7
 2016-Sep-22 00:00     17 43 39.87 -25 54 07.6
 2016-Sep-23 00:00     17 46 30.19 -25 54 24.0
 2016-Sep-24 00:00     17 49 21.33 -25 54 28.6
 2016-Sep-25 00:00     17 52 13.27 -25 54 21.4
 2016-Sep-26 00:00     17 55 05.98 -25 54 02.2
 2016-Sep-27 00:00     17 57 59.45 -25 53 30.8
 2016-Sep-28 00:00     18 00 53.66 -25 52 47.1
 2016-Sep-29 00:00     18 03 48.58 -25 51 51.0
 2016-Sep-30 00:00     18 06 44.19 -25 50 42.3
 2016-Oct-01 00:00     18 09 40.47 -25 49 20.9
 2016-Oct-02 00:00     18 12 37.38 -25 47 46.7
 2016-Oct-03 00:00     18 15 34.92 -25 45 59.6
 2016-Oct-04 00:00     18 18 33.05 -25 43 59.4
 2016-Oct-05 00:00     18 21 31.74 -25 41 46.1
 2016-Oct-06 00:00     18 24 30.97 -25 39 19.5
 2016-Oct-07 00:00     18 27 30.71 -25 36 39.6
 2016-Oct-08 00:00     18 30 30.93 -25 33 46.3
 2016-Oct-09 00:00     18 33 31.61 -25 30 39.5
 2016-Oct-10 00:00     18 36 32.73 -25 27 19.2
 2016-Oct-11 00:00     18 39 34.24 -25 23 45.2
 2016-Oct-12 00:00     18 42 36.13 -25 19 57.5
 2016-Oct-13 00:00     18 45 38.38 -25 15 56.0
 2016-Oct-14 00:00     18 48 40.94 -25 11 40.8
 2016-Oct-15 00:00     18 51 43.81 -25 07 11.7
 2016-Oct-16 00:00     18 54 46.95 -25 02 28.7
 2016-Oct-17 00:00     18 57 50.35 -24 57 31.8
 2016-Oct-18 00:00     19 00 53.97 -24 52 21.0
 2016-Oct-19 00:00     19 03 57.82 -24 46 56.1
 2016-Oct-20 00:00     19 07 01.86 -24 41 17.3
 2016-Oct-21 00:00     19 10 06.08 -24 35 24.5
 2016-Oct-22 00:00     19 13 10.47 -24 29 17.7
 2016-Oct-23 00:00     19 16 15.01 -24 22 56.9
 2016-Oct-24 00:00     19 19 19.68 -24 16 22.2
 2016-Oct-25 00:00     19 22 24.47 -24 09 33.4
 2016-Oct-26 00:00     19 25 29.37 -24 02 30.7
 2016-Oct-27 00:00     19 28 34.34 -23 55 14.2
 2016-Oct-28 00:00     19 31 39.39 -23 47 43.7
 2016-Oct-29 00:00     19 34 44.48 -23 39 59.4
 2016-Oct-30 00:00     19 37 49.60 -23 32 01.4
 2016-Oct-31 00:00     19 40 54.74 -23 23 49.6
 2016-Nov-01 00:00     19 43 59.87 -23 15 24.2
 2016-Nov-02 00:00     19 47 04.98 -23 06 45.2
 2016-Nov-03 00:00     19 50 10.05 -22 57 52.7
 2016-Nov-04 00:00     19 53 15.06 -22 48 46.8
 2016-Nov-05 00:00     19 56 19.99 -22 39 27.5
 2016-Nov-06 00:00     19 59 24.82 -22 29 55.0
 2016-Nov-07 00:00     20 02 29.55 -22 20 09.3
 2016-Nov-08 00:00     20 05 34.14 -22 10 10.6
 2016-Nov-09 00:00     20 08 38.59 -21 59 58.9
 2016-Nov-10 00:00     20 11 42.87 -21 49 34.4
 2016-Nov-11 00:00     20 14 46.97 -21 38 57.1
 2016-Nov-12 00:00     20 17 50.87 -21 28 07.2
 2016-Nov-13 00:00     20 20 54.57 -21 17 04.9
 2016-Nov-14 00:00     20 23 58.04 -21 05 50.2
 2016-Nov-15 00:00     20 27 01.29 -20 54 23.2
 2016-Nov-16 00:00     20 30 04.29 -20 42 44.1
 2016-Nov-17 00:00     20 33 07.04 -20 30 53.0
 2016-Nov-18 00:00     20 36 09.54 -20 18 50.0
 2016-Nov-19 00:00     20 39 11.78 -20 06 35.3
 2016-Nov-20 00:00     20 42 13.75 -19 54 09.0
 2016-Nov-21 00:00     20 45 15.46 -19 41 31.2
 2016-Nov-22 00:00     20 48 16.89 -19 28 42.1
 2016-Nov-23 00:00     20 51 18.05 -19 15 41.8
 2016-Nov-24 00:00     20 54 18.92 -19 02 30.5
 2016-Nov-25 00:00     20 57 19.50 -18 49 08.2
 2016-Nov-26 00:00     21 00 19.79 -18 35 35.3
 2016-Nov-27 00:00     21 03 19.78 -18 21 51.8
 2016-Nov-28 00:00     21 06 19.47 -18 07 57.9
 2016-Nov-29 00:00     21 09 18.85 -17 53 53.8
 2016-Nov-30 00:00     21 12 17.92 -17 39 39.6
 2016-Dec-01 00:00     21 15 16.67 -17 25 15.5
 2016-Dec-02 00:00     21 18 15.10 -17 10 41.7
 2016-Dec-03 00:00     21 21 13.20 -16 55 58.4
 2016-Dec-04 00:00     21 24 10.97 -16 41 05.8
 2016-Dec-05 00:00     21 27 08.40 -16 26 04.0
 2016-Dec-06 00:00     21 30 05.49 -16 10 53.2
 2016-Dec-07 00:00     21 33 02.23 -15 55 33.6
 2016-Dec-08 00:00     21 35 58.62 -15 40 05.5
 2016-Dec-09 00:00     21 38 54.65 -15 24 28.9
 2016-Dec-10 00:00     21 41 50.33 -15 08 44.1
 2016-Dec-11 00:00     21 44 45.65 -14 52 51.3
 2016-Dec-12 00:00     21 47 40.61 -14 36 50.7
 2016-Dec-13 00:00     21 50 35.20 -14 20 42.5
 2016-Dec-14 00:00     21 53 29.44 -14 04 26.8
 2016-Dec-15 00:00     21 56 23.32 -13 48 03.8
 2016-Dec-16 00:00     21 59 16.84 -13 31 33.7
 2016-Dec-17 00:00     22 02 10.01 -13 14 56.7
 2016-Dec-18 00:00     22 05 02.84 -12 58 13.0
 2016-Dec-19 00:00     22 07 55.34 -12 41 22.7
 2016-Dec-20 00:00     22 10 47.50 -12 24 26.0
 2016-Dec-21 00:00     22 13 39.33 -12 07 23.1
 2016-Dec-22 00:00     22 16 30.83 -11 50 14.2
 2016-Dec-23 00:00     22 19 22.02 -11 32 59.4
 2016-Dec-24 00:00     22 22 12.90 -11 15 39.0
 2016-Dec-25 00:00     22 25 03.47 -10 58 13.1
 2016-Dec-26 00:00     22 27 53.73 -10 40 42.0
 2016-Dec-27 00:00     22 30 43.70 -10 23 05.7
 2016-Dec-28 00:00     22 33 33.36 -10 05 24.5
 2016-Dec-29 00:00     22 36 22.74 -09 47 38.6
 2016-Dec-30 00:00     22 39 11.83 -09 29 48.2
 2016-Dec-31 00:00     22 42 00.64 -09 11 53.4
 2017-Jan-01 00:00     22 44 49.16 -08 53 54.5
 