103.482
106.248
103.119
102.455
103.232
102.676
102.861
103.626
103.274
106.513
104.703
100.723
103.369
103.528
103.244
108.041
103.072
120.786
103.101
103.403
103.099
99.8535
103.259
103.144
101.15
102.797
103.947
104.11
102.94
103.23
102.262
103.703
104.194
102.008
103.139
103.315
103.495
102.75
103.491
103.402
103.157
103.436
102.295
103.148
103.751
103.99
103.182
104.223
103.949
103.685
104.157
103.36
101.924
103.356
103.977
103.674
103.233
103.302
103.112
103.962
102.721
102.12
103.288
102.85
97.0379
103.433
104.108
89.0425
102.334
102.98
102.965
103.683
103.03
103.443
103.221
103.332
103.516
103.359
102.795
104.3
102.308
102.925
103.457
101.49
106.638
102.446
101.17
106.115
102.961
103.286
103.885
103.207
103.116
103.378
103.465
91.2781
102.771
103.095
103.384
102.822
103.356
103.66
103.024
107.64
103.367
103.114
106.299
103.328
103.169
103.486
105.488
102.274
102.444
103.006
103.557
103.145
103.039
102.57
103.329
102.932
103.106
102.312
102.311
103.481
103.384
103.272
103.01
103.856
103.655
103.112
103.597
103.323
101.637
102.597
103.709
102.665
103.395
102.935
103.301
103.125
103.347
103.069
103.536
102.824
103.256
103.32
103.179
103.339
102.447
103.123
103.34
103.301
103.175
103.199
102.697
103.24
103.61
103.279
103.185
103.271
103.838
103.076
102.915
103.167
103.777
103.078
103.707
103.164
103.559
103.943
104.049
108.193
103.219
103.389
103.12
105.163
102.97
103.562
103.062
103.089
102.951
103.254
103.385
102.724
103.194
103.841
103.455
103.284
103.454
103.082
103.197
103.717
103.722
103.896
103.742
103.218
103.096
102.975
103.014
102.461
102.845
155.414
102.88
103.887
103.527
103.365
104.007
103.601
104.872
102.785
103.745
103.251
102.768
103.194
103.289
103.725
103.721
102.991
104.132
103.093
103.301
103.24
103.31
103.318
102.824
103.239
116.055
103.688
103.166
102.932
103.305
102.77
103.25
102.843
102.747
102.665
103.169
102.34
95.3473
97.8482
103.483
102.988
103.065
107.09
103.327
103.311
103.112
102.134
103.155
103.414
103.255
103.143
103.195
103.391
103.043
103.31
102.977
102.814
103.029
103.354
102.983
102.439
103.798
103.145
102.711
118.234
103.337
103.232
103.605
103.316
103.361
103.485
103.058
104.707
102.837
103.637
103.54
103.091
103.415
103.141
19.6259
103.054
103.32
103.775
103.356
103.701
103.194
103.124
102.619
102.749
103.272
103.35
113.155
103.268
103.116
104.437
101.624
103.202
103.016
102.157
103.901
102.959
103.735
102.5
102.962
102
104.237
103.272
103.374
102.358
105.501
102.972
103.377
104.016
104.183
103.439
103.592
103.04
105.937
103.025
103.045
103.297
103.219
103.292
103.554
103.158
103.169
102.678
103.086
103.408
102.989
103.746
107.716
104.034
103.872
103.179
103.325
102.419
107.508
105.183
103.265
103.995
103.409
87.2448
103.063
103.079
103.291
104.825
103.189
102.536
103.306
102.289
103.021
103.141
103.338
104.054
103.33
103.377
103.076
103.227
103.214
103.278
103.379
108.225
103.242
103.378
103.19
102.665
104.702
103.396
102.338
103.357
103.301
103.484
102.92
103.3
103.392
102.932
103.262
103.257
103.329
103.331
103.46
102.988
103.151
103.053
102.848
103.21
100.559
101.895
103.332
102.853
103.2
103.716
102.79
103.171
103.234
102.776
103.366
103.231
103.019
102.727
103.33
105.813
103.04
102.738
103.487
100.667
103.071
102.758
105.04
100.788
103.098
102.935
104.747
103.414
104.417
103.178
101.817
103.287
102.645
103.732
103.326
103.99
103.215
88.4803
103.285
103.692
103.454
103.216
105.408
103.348
103.732
103.25
103.601
103.253
103.046
103.453
102.789
103.278
103.194
103.275
102.336
103.107
103.344
103.059
91.923
103.185
103.301
102.881
103.479
103.369
104.205
102.972
103.298
102.945
103.292
103.345
103.493
105.563
107.826
103.092
102.662
103.109
103.357
102.127
102.601
103.123
103.22
103.206
103.419
103.403
102.827
102.966
102.508
103.284
103.283
103.124
103.093
102.893
103.26
103.237
102.869
103.058
103.324
103.385
107.383
103.181
103.027
103.088
103.431
103.385
103.677
102.491
102.925
103.065
103.145
103.424
98.5071
103.635
103.339
103.581
103.268
102.699
102.933
103.348
101.291
102.795
101.504
103.151
103.21
103.082
102.817
103.214
103.41
103.356
103.066
103.088
103.438
102.913
103.31
103.263
103.259
103.028
103.517
103.148
103.138
102.981
103.154
104.526
103.222
103.231
103.38
103.073
103.014
103.502
103.22
103.135
102.782
103.208
103.666
103.449
103.231
102.148
103.698
103.08
103.228
105.7
103.285
103.045
103.158
106.543
104.214
103.001
104.015
103.375
103.425
99.9424
103.316
99.6231
103.108
103.301
103.031
103.004
102.679
103.143
102.996
103.071
103.905
102.54
103.246
103.221
102.13
98.931
103.509
103.19
103.155
103.224
102.939
102.928
103.026
103.126
103.496
103.362
103.26
102.656
103.288
102.676
101.461
102.93
102.146
103.96
103.121
103.024
102.666
103.162
103.127
102.515
104.481
103.602
103.128
103.107
102.876
103.703
101.147
104.949
104.131
105.123
103.119
103.574
101.739
103.643
102.683
103.051
103.546
103.53
103.344
103.886
103.794
102.911
113.351
103.508
103.233
100.934
103.116
103.618
103.2
102.939
102.835
103.165
103.074
103.647
103.118
103.234
103.177
104.478
96.3577
103.275
103.378
103.221
103.691
103.051
103.095
101.545
103.36
103.245
102.55
104.985
103.186
103.258
103.573
108.033
86.0932
102.863
103.154
103.157
103.178
103.012
102.88
104.1
103.446
103.132
103.176
102.725
102.482
103.559
103.284
103.301
103.174
103.223
103.19
107.995
103.217
103.809
103.234
103.181
103.203
103.091
102.972
103.182
102.827
103.306
103.283
103.082
102.446
102.777
102.959
102.97
85.0046
102.971
103.256
102.639
102.6
103.189
103.057
102.235
104.871
102.083
103.679
103.146
102.794
102.838
103.121
103.177
103.425
102.914
103.091
103.194
103.959
102.458
102.247
103.374
102.713
103.226
104.549
85.6545
102.763
103.078
103.059
105.423
103.149
103.376
104.784
103.224
103.62
105.357
102.352
103.314
103.075
103.123
103.002
103.157
103.164
103.213
103.286
103.215
115.427
98.7168
102.657
103.279
103.349
103.392
103.962
103.298
103.214
102.486
103.28
97.7822
101.399
101.186
103.391
103.331
103.279
102.556
103.432
103.923
103.747
103.066
104.029
103.923
108.986
102.328
103.379
103.162
101.641
103.076
101.487
103.065
102.843
103.039
103.027
104.442
103.092
102.747
103.314
103.91
103.461
103.291
103.82
103.113
103.819
103.702
104.391
101.113
103.935
103.364
103.193
103.217
103.233
102.875
103.175
103.224
102.853
102.972
103.304
103.153
103.053
102.988
105.421
102.826
103.099
103.445
103.344
102.669
103.334
103.36
103.527
103.351
103.302
102.76
102.844
102.962
103.017
102.921
103.172
103.219
103.468
103.057
104.235
103.309
102.558
103.414
103.222
103.83
105.132
101.626
103.874
103.964
103.545
96.8409
103.611
103.76
103.29
103.53
101.221
103.182
104.419
103.072
103.495
103.093
106.035
103.575
103.308
103.297
103.124
102.839
104.654
104.148
104.285
103.347
103.658
103.312
104.261
103.316
102.553
102.861
105.875
103.472
102.292
103.106
102.665
102.906
103.339
103.347
104.019
103.403
103.119
104.015
103.41
103.03
103.428
103.041
104.457
97.8793
102.659
103.071
103.048
103.038
103.536
102.209
103.04
103.504
103.859
103.444
104.294
103.287
103.95
103.276
103.081
103.42
102.703
103.89
104.166
103.539
103.067
103.16
102.982
103.118
102.765
101.816
103.544
103.105
101.814
103.352
102.927
103.084
103.247
102.811
103.242
103.453
102.229
103.169
103.168
103.052
103.515
103.142
88.0456
102.488
102.708
101.808
103.255
103.386
134.346
102.865
103.021
103.843
103.068
102.779
186.357
104.004
103.34
103.468
103.234
100.007
103.866
103.321
103.457
101.928
102.526
103.09
103.41
103.67
102.553
103.49
103.382
103.338
100.075
103.461
103.164
102.913
103.269
103.043
104.943
103.195
103.619
102.706
103.166
102.941
103.292
103.293
102.719
103.321
103.95
103.113
103.314
103.206
102.474
103.22
103.425
103.405
103.51
103.41
103.609
103.652
103.358
102.133
105.158
103.44
103.181
103.228
103.955
102.855
102.782
103.183
102.639
103.146
102.831
102.512
103.154
103.112
103.849
103.799
101.993
103.332
103.566
87.2736
103.497
102.658
103.238
102.347
