106.248
102.455
102.676
105.313
106.513
100.723
103.528
108.041
120.786
103.403
99.8535
103.144
104.119
104.11
104.744
105.424
102.008
103.315
102.75
103.402
103.436
104.625
103.99
104.223
103.685
103.36
104.924
103.674
103.302
103.962
103.144
102.85
105.035
89.0425
104.383
105.396
105.05
103.332
103.359
106.284
104.304
101.49
102.446
108.897
104.823
103.207
103.378
91.2781
104.548
102.822
103.66
111.094
103.114
103.328
103.486
102.274
104.421
103.145
103.793
102.932
102.312
105.104
103.272
105.644
103.112
103.323
103.831
102.665
102.935
103.125
103.069
102.824
103.32
103.339
104.589
103.301
103.199
104.758
103.279
103.271
103.076
104.653
103.078
103.164
103.943
108.193
103.389
105.163
105.221
104.54
104.777
102.724
103.841
103.284
103.082
103.717
103.896
103.218
102.975
103.636
179.889
105.69
103.365
103.601
102.785
103.251
104.692
103.725
102.991
103.093
103.24
103.318
104.755
103.688
102.932
102.77
102.843
103.93
102.34
96.9934
102.988
107.09
103.311
102.134
103.414
103.143
103.391
104.859
104.144
104.921
103.605
103.145
126.349
103.232
103.316
103.485
106.869
105.329
103.091
103.141
104.489
103.775
103.701
103.124
104.051
103.35
103.268
104.437
104.703
103.198
102.959
102.5
102.972
103.272
102.358
102.972
104.016
103.439
103.04
103.025
104.84
103.292
103.158
102.678
103.408
105.486
104.034
103.179
102.419
105.183
103.995
87.2448
103.079
104.825
102.536
102.289
104.615
104.054
103.377
103.227
103.278
108.225
103.378
102.665
103.396
104.926
103.484
104.844
102.932
103.257
103.331
102.988
103.053
104.714
102.821
102.853
103.716
104.659
102.776
103.231
104.02
105.813
104.035
100.667
102.758
100.788
102.935
103.414
103.178
104.825
105.466
103.99
88.4803
103.692
103.216
103.348
103.25
103.253
105.064
104.812
103.275
104.567
103.059
104.678
102.881
103.369
102.972
102.945
103.345
105.563
103.092
104.568
102.127
104.59
103.206
103.403
104.364
104.821
103.124
102.893
103.237
104.496
103.385
103.181
104.539
103.385
102.491
104.505
103.424
105.327
103.581
102.699
104.913
104.116
104.629
103.082
104.72
103.356
103.088
102.913
103.263
103.028
103.148
102.981
104.526
103.231
103.073
105.135
103.135
104.711
103.449
102.148
103.08
105.7
103.045
106.543
103.001
103.375
99.9424
99.6231
103.301
104.418
104.618
104.514
102.54
103.221
98.5527
103.19
103.224
104.308
104.594
103.362
102.656
102.676
104.311
105.794
103.024
104.645
102.515
103.602
103.107
105.425
107.219
105.123
103.574
105.338
104.485
103.53
103.886
102.911
103.508
100.934
103.618
102.939
104.65
103.647
103.234
104.478
104.809
103.221
103.051
101.545
103.245
107.271
103.258
108.033
104.214
103.157
103.012
105.996
103.132
102.725
105.216
103.301
103.223
107.995
103.809
103.181
103.091
104.674
104.852
103.082
104.091
104.369
104.371
102.639
104.684
103.31
102.083
103.146
104.179
103.177
102.914
103.194
102.458
104.95
104.738
85.6545
104.524
107.901
103.376
103.224
105.357
104.865
103.123
104.638
103.213
103.215
98.7168
104.814
103.392
103.298
102.486
97.7822
101.799
103.331
102.556
103.923
103.066
103.923
102.328
103.162
104.521
104.505
104.468
106.489
102.747
103.91
103.291
103.113
103.702
101.113
103.364
103.217
102.875
103.224
104.371
103.153
104.395
102.826
103.445
102.669
103.36
103.351
102.76
104.358
104.299
103.219
103.057
103.309
105.008
103.83
101.626
103.964
96.8409
103.76
103.53
104.674
103.072
103.093
103.575
103.297
102.839
104.148
103.347
103.312
103.316
104.211
103.472
104.565
104.277
103.347
103.403
104.015
103.03
103.041
97.8793
104.514
104.467
102.209
105.138
103.444
103.287
103.276
103.42
105.693
103.539
103.16
104.582
102.707
103.105
104.919
104.533
102.811
103.453
104.655
103.052
103.142
103.674
102.695
103.386
102.865
105.626
102.779
104.004
103.468
100.007
103.321
101.928
104.541
103.67
105.118
103.338
105.075
102.913
103.043
103.195
102.706
102.941
103.293
104.874
103.113
103.206
104.729
103.405
103.41
103.652
102.133
103.44
103.228
102.855
104.675
104.622
103.709
103.112
103.799
104.89
87.2736
102.658
102.347
104.366
104.196
104.603
104.029
137.169
102.784
104.957
104.805
103.598
106.443
103.705
104.72
106.751
101.701
101.144
103.272
103.686
104.73
103.935
103.046
104.958
102.899
101.664
102.825
103.068
102.727
102.966
101.822
103.221
103.278
102.317
103.026
103.115
102.963
102.85
103.263
103.293
104.273
105.117
104.759
101.468
103.343
103.037
104.591
103.17
104.941
103.025
103.209
104.602
105.615
103.124
103.223
103.891
103.492
103.202
102.927
103.378
103.175
103.626
105.292
103.986
104.542
105.305
102.817
103.33
102.674
102.912
103.184
103.263
102.719
103.297
104.491
105.626
104.739
103.465
103.289
99.1342
104.148
102.891
104.055
102.587
104.866
102.991
102.708
104.133
104.657
105.24
103.141
103.548
104.512
103.979
102.927
103.134
103.22
104.66
103.196
104.242
104.397
103.258
104.424
102.766
102.693
103.187
103.354
104.5
100.014
102.639
104.966
103.295
103.395
103.192
105.041
103.359
104.251
102.62
101.816
103.073
104.095
103.074
105.109
104.562
105.823
104.653
103.197
102.86
104.099
102.153
104.367
105.203
103.992
102.995
103.241
103.011
104.771
105.055
103.595
103.665
103.144
103.828
103.973
99.3626
104.252
102.553
103.208
102.928
103.196
103.26
102.25
103.78
103.075
104.851
103.14
106.827
260.549
102.945
103.238
103.465
103.152
103.161
103.399
103.061
105.223
104.797
103.159
104.984
104.757
103.551
105.881
105.066
114.429
103.89
103.347
103.359
104.887
87.6624
102.718
103.385
103.464
103.555
106.011
103.093
103.032
106.434
103.957
103.271
102.703
103.176
103.342
104.38
104.927
104.974
107.351
103.921
102.961
103.225
103.383
103.534
103.551
104.373
102.649
105.079
102.9
103.37
104.526
103.328
104.138
100.758
100.128
103.106
104.378
104.55
103.334
100.028
105.788
102.85
103.311
104.888
105.339
103.312
102.516
103.564
104.572
103.646
104.93
102.862
12.5849
103.389
102.889
103.954
103.77
103.206
105.056
103.169
89.6911
103.636
102.624
102.011
103.921
103.1
103.069
103.132
103.72
102.965
104.987
103.135
103.056
102.504
103.032
104.683
103.064
102.809
102.965
103.225
104.438
103.048
103.382
104.495
101.25
103.623
103.022
103.113
103.62
103.059
103.248
103.115
103.789
103.167
102.966
104.658
103.547
104.599
103.074
105.084
103.029
103.115
105.336
102.902
102.054
103.174
103.238
103.892
104.814
105.031
101.294
103.385
101.888
104.418
106.724
103.208
103.84
104.705
100.947
103.193
103.252
103.385
103.091
103.159
103.11
103.621
105.12
103.204
103.167
104.461
104.165
104.541
102.361
102.955
103.98
104.163
104.656
103.277
103.177
102.778
103.309
102.066
108.541
104.959
103.22
104.818
102.974
110.785
103.272
103.127
104.106
104.654
105.617
92.9788
104.826
102.95
103.494
103.069
103.269
104.974
103.031
104.127
104.037
103.969
103.763
102.994
104.491
103.128
104.589
103.318
103.272
103.321
104.496
103.323
103.106
103.139
102.71
99.4554
60.9682
103.165
103.585
103.118
103.117
104.365
102.986
104.101
103.188
104.448
103.279
104.552
103.082
104.635
103.994
103.325
103.455
104.42
103.768
103.207
104.823
104.379
103.59
104.996
100.471
106.799
103.112
105.848
102.364
103.4
104.241
104.017
104.009
103.341
105.483
104.13
104.695
105.035
104.863
103.042
103.32
103.102
103.438
104.761
103.324
102.775
102.559
103.711
102.727
103.161
103.261
102.767
103.501
103.15
103.27
102.854
104.038
105.094
103.007
102.468
102.749
103.456
102.877
103.085
103.103
294.115
103.942
104.579
103.225
104.707
103.565
103.199
105.281
104.608
103.286
107.091
104.046
102.989
102.915
103.095
103.001
104.377
105.066
103.113
102.795
103.596
104.041
102.897
103.384
101.138
103.374
104.345
99.9376
102.818
103.287
103.333
105.794
103.197
102.553
96.6976
181.964
104.369
102.045
105.845
101.509
102.889
103.81
106.052
105.216
98.8506
104.941
103.458
103.127
103.746
104.079
103.081
104.943
102.764
102.333
105.636
95.3547
103.252
104.955
104.725
103.433
103.001
103.939
102.699
102.904
104.024
104.585
104.62
103.415
103.679
103.608
103.534
105.427
104.958
103.449
103.115
106.764
103.37
104.501
102.681
105.19
103.292
103.132
103.058
102.529
