27.1054
66.631
77.6486
14.0334
43.2215
19.1547
35.5452
55.5844
16.9122
41.2747
56.1878
68.3483
100.124
50.082
62.0828
40.2158
56.4339
26.2721
37.0017
12.9629
71.1961
58.9572
19.7297
48.3446
43.4802
64.1405
30.5524
54.9078
111.715
44.0976
50.5009
47.5606
38.8922
60.6343
35.9031
14.4832
53.7606
41.3246
20.7801
146.731
62.1992
76.9687
65.5317
53.3226
103.92
76.4175
37.6869
50.6281
13.066
67.3346
91.3303
51.517
25.6583
68.6702
105.351
17.952
72.4954
128.206
13.6295
58.2725
84.1422
21.4045
28.6668
65.4295
128.19
19.2169
68.147
32.0997
74.2389
27.8181
50.9203
41.1003
60.535
47.73
47.1014
73.3286
32.7759
29.936
42.9116
27.0114
16.3519
72.9531
75.6535
67.6799
50.5312
77.8185
15.5295
59.9608
63.6615
24.5192
31.3394
43.0796
119.913
30.1977
26.2786
97.3489
24.5453
48.3076
31.6468
72.3021
75.866
51.0758
42.5507
22.6611
36.8458
65.7148
56.4982
23.2679
69.2792
30.6015
63.7621
9.38254
36.6671
36.0554
53.2048
57.8884
19.7253
53.0703
59.4955
20.4972
100.481
31.4254
97.3637
67.2737
27.1126
16.0404
45.0527
78.8747
24.6226
48.7234
5.98736
59.1865
44.5494
61.0847
72.4755
21.3125
115.338
58.3584
14.9433
25.8906
36.3335
31.1275
31.9447
59.727
62.0173
42.6403
29.5871
25.7679
20.5233
22.6215
42.6825
57.434
20.8838
38.092
56.6741
44.0361
61.1343
80.7306
83.9694
35.8966
43.806
30.188
26.983
43.6743
75.3141
42.093
58.5137
31.1492
23.2813
43.2478
37.2222
46.9709
17.5989
42.5431
41.431
21.593
22.915
23.9874
45.8395
13.405
5.68607
21.9469
26.4413
76.7348
19.0532
19.1176
34.3349
32.8137
75.3978
76.5181
51.4365
40.3509
62.3229
48.0472
18.2733
72.189
64.5864
68.7744
54.0274
64.6467
42.4674
96.95
79.5367
29.0833
22.1459
129.852
24.0589
11.0598
82.1833
18.1182
45.3034
48.4352
57.1524
70.1242
59.034
75.9665
16.4258
42.6784
39.2245
49.19
20.5893
50.9985
76.0894
79.8714
33.2531
52.9957
64.5739
88.5594
30.9595
33.0758
49.2544
85.9164
22.7784
32.9559
45.2948
48.3594
55.9172
47.5144
84.7336
10.551
44.3753
67.0863
77.2325
47.9718
75.7589
22.1888
49.0898
45.1644
50.8149
28.751
28.3546
29.3641
75.4608
65.6547
81.3425
17.7593
59.3309
68.6235
122.725
64.4283
36.5157
43.5946
62.5449
52.289
29.3849
17.0233
44.0073
33.1247
30.709
44.1128
35.389
66.586
27.1847
14.518
58.5636
79.341
84.7018
8.36513
39.8385
32.0978
37.8268
89.8633
20.4441
40.7066
51.0135
47.0757
49.6962
62.9528
26.7086
21.8259
69.8535
48.7351
24.649
19.9389
44.8764
16.0087
99.0252
52.0765
30.2811
30.2549
24.5829
45.5197
64.7721
41.8673
40.566
41.2645
29.3958
39.2492
65.4252
24.0451
38.8504
70.9578
46.4971
60.0536
38.1255
26.2619
30.2016
21.9381
9.17062
85.5292
66.3191
31.8118
50.7474
57.2604
57.4677
79.1331
100.501
53.2542
85.0122
73.5356
66.3933
36.0358
36.2003
46.3015
61.8271
93.2512
102.73
61.516
53.4455
25.4614
41.7994
79.721
57.684
45.8741
114.782
37.3133
93.9857
26.5503
24.8738
68.4087
69.4874
41.6015
93.1049
42.1284
3.94517
18.2622
13.549
21.7407
44.8767
44.8189
111.52
5.10979
34.383
58.3734
37.8148
62.6049
29.6992
64.3975
33.9261
114.512
11.4763
68.1363
40.5419
39.8839
40.5012
58.7996
8.96855
63.9631
84.9932
43.0598
30.3737
86.7181
22.982
23.1472
24.7787
23.0048
34.0993
76.7271
20.5971
40.2648
33.3947
69.4453
86.9851
51.7272
109.077
53.4754
40.0413
61.1935
39.6692
57.5611
77.5738
79.1748
28.4484
25.3757
3.24056
98.0436
36.9677
90.3689
58.0741
31.3336
34.5295
27.2621
6.30733
64.3318
77.513
48.3939
17.0342
35.6484
76.4818
53.6224
30.275
41.8823
31.5533
68.2985
16.5886
29.2826
82.1766
30.9693
65.1745
25.1536
108.111
48.702
56.8747
26.0145
35.3484
42.6221
70.5928
24.2769
105.357
56.4752
33.9847
102.823
67.3958
45.3018
15.6572
36.9347
78.3282
22.5951
8.72655
51.3726
43.1735
35.9803
47.4271
90.218
31.3216
36.7434
65.1525
81.5527
13.1654
84.983
61.4992
34.5678
16.7668
60.0721
85.5518
52.5099
39.5573
36.513
75.6385
45.738
9.54512
45.6324
27.6095
34.3765
44.3856
38.1697
73.0154
53.9338
16.6963
20.7153
53.7366
34.7244
67.6218
27.6295
32.8329
71.8718
43.894
14.4091
26.1873
27.8734
56.7644
58.2793
38.4174
42.7225
77.5967
29.7662
19.4807
38.2137
27.4643
37.1797
65.6701
99.9017
35.0895
34.9137
40.5386
84.0366
12.3891
82.7047
45.7769
46.0352
19.0388
65.054
59.5058
41.1646
29.8818
37.8385
109.939
30.9949
40.5014
33.7269
29.1715
11.5239
20.3998
45.5741
49.8903
35.2205
20.3191
43.3339
77.2987
33.981
56.2645
49.1421
66.1301
78.2381
23.5027
79.887
38.1425
4.50178
44.5343
22.4434
90.8965
53.1282
12.3543
56.885
27.1339
33.6282
47.5722
50.7098
34.172
74.966
42.2355
27.6381
52.881
55.0992
42.2488
47.5712
40.8121
16.213
60.0107
68.4661
78.601
26.0644
31.3855
79.5858
40.2537
118.787
69.8268
28.7955
18.4223
31.5395
76.2145
44.5964
12.675
8.59115
66.5402
85.5922
82.8887
56.4542
32.5173
76.2849
42.0354
68.8303
24.9608
66.6663
55.4932
38.164
28.4259
26.2264
24.162
50.7169
50.4806
46.4095
33.5731
28.0801
45.7243
42.4776
52.5422
57.335
70.0727
48.8752
85.8105
51.6317
57.4415
87.9499
143.19
74.6545
89.7727
38.1405
21.8607
31.9338
73.4893
56.1014
53.3263
32.8335
59.6034
45.2254
54.9845
76.9273
106.441
39.9911
44.9761
99.8904
32.2909
70.8651
51.6784
34.3903
28.9902
36.8691
35.9031
28.7484
75.6047
49.3913
43.7054
90.5672
50.6521
35.5966
80.6881
105.551
22.6626
51.2546
84.6695
99.8192
54.845
10.8376
31.8776
40.6705
72.6208
56.4822
26.9609
55.1922
60.9614
65.9577
51.6965
8.69155
83.2682
31.2417
92.6665
114.485
60.0909
34.2989
46.4874
68.149
46.0318
18.4377
78.4917
29.5654
43.5193
38.7345
97.4593
22.7678
55.9451
58.203
16.5645
36.4498
74.5715
68.4767
89.7024
44.5347
26.7569
36.4384
123.061
51.6603
56.3987
39.8109
34.6867
101.003
33.1474
27.2905
18.5587
42.004
51.5681
49.8773
88.3465
15.4215
70.3457
39.5509
18.6856
86.9883
35.1456
41.2129
17.3339
88.5495
57.5154
55.6663
107.279
27.1694
73.4599
33.2652
25.1133
83.9142
21.6447
33.5614
52.5954
37.7077
13.7687
39.4915
21.4547
52.9202
107.7
26.3159
54.6114
55.8038
21.6169
55.3371
84.1821
15.5584
64.9333
41.623
28.5244
60.9954
61.7356
41.0588
27.5746
66.9318
77.4913
51.1852
9.40508
26.0221
80.8402
68.3685
52.7063
95.6917
56.2026
65.8572
80.3972
42.3929
59.1879
38.2497
28.426
38.0993
61.5499
94.7998
79.0542
19.7458
44.5794
51.9953
45.6422
39.6812
16.8942
90.2147
37.2407
61.0193
30.2478
21.9664
91.6998
82.3596
45.0711
8.30734
75.5793
4.98764
131.368
38.9139
86.521
42.6109
34.9685
75.3798
38.3162
22.9443
72.8358
25.8233
56.9902
85.0824
76.8714
32.708
21.1627
71.6829
70.9862
18.7438
68.7451
56.6625
77.6075
30.704
20.6098
70.3418
39.8038
33.2658
38.5118
36.3678
65.2452
6.45112
34.1311
79.9923
28.9534
43.8545
16.0832
82.6574
70.1947
38.7916
33.2326
39.2071
61.5729
44.5368
63.263
38.0826
29.7295
53.5454
48.3921
12.1358
20.1218
35.1473
53.7192
28.1654
94.6409
20.8628
36.9635
44.3301
99.8162
51.3568
31.0125
67.5081
67.9546
57.0931
60.2668
89.3549
97.104
15.93
70.4984
62.3813
64.6833
37.9209
22.7188
68.4409
27.2709
47.384
36.0451
40.3252
44.6076
45.9676
11.3246
36.6356
14.3537
44.6699
10.2904
23.8045
30.5442
52.6606
67.938
34.4197
31.4746
37.2662
71.9007
12.145
38.2774
21.4695
20.0058
91.5103
50.1932
12.4155
28.8067
20.6494
29.7144
15.7496
31.5349
17.5514
34.4807
30.8233
39.9595
67.0144
71.7746
56.3651
34.1227
108.513
50.1279
36.9461
71.0413
25.7462
76.6689
68.0062
16.6965
46.0487
51.1519
40.962
18.3046
41.5296
52.0226
37.7946
49.4287
38.0219
53.1263
46.4169
32.8917
24.6519
85.8665
24.1705
51.1647
11.3871
20.7922
87.1032
4.95366
51.4497
33.1543
41.7278
32.5514
73.3434
12.3492
69.382
11.3538
97.4549
31.0426
42.2832
34.2225
23.7816
76.2927
54.1244
116.161
29.1367
53.0319
30.3503
46.447
42.1767
22.0882
64.5253
63.8433
26.4694
28.3529
51.4844
56.4373
53.9206
51.3794
27.2264
82.1778
34.1254
74.2071
42.8457
25.5628
45.2069
116.724
27.8003
25.0084
57.1103
61.9411
47.2373
18.1692
21.2277
60.3536
66.3355
19.6167
78.3166
20.8125
51.0007
17.8186
52.9257
58.6453
23.4104
27.4153
41.9002
16.5635
38.7188
24.7902
41.514
51.0378
59.3297
43.8988
31.5712
49.3784
48.3709
41.4024
23.0464
14.1163
67.0162
37.6487
68.116
37.7499
13.6754
47.961
37.0933
54.9862
42.6922
58.0263
27.8378
27.8514
43.9959
67.6275
57.3603
66.8145
50.9592
11.4161
49.5918
110.764
42.5273
32.6945
72.4907
44.0542
20.3111
47.3357
8.55886
51.6322
40.44
44.6779
44.2448
116.969
46.5737
35.589
35.6136
10.8665
67.7417
36.521
33.2424
83.3995
28.5929
46.3703
67.6873
81.6796
52.802
87.4242
26.0041
36.5626
24.9653
58.9822
7.22931
25.9913
52.6822
69.1518
25.5165
38.3666
36.4688
62.4314
24.7674
72.9891
44.513
22.7427
25.8008
38.1079
18.0878
66.5517
11.9948
67.0823
100.613
29.8467
37.6093
59.6377
83.5913
27.8919
60.146
18.1287
45.488
128.761
40.5091
50.2482
49.098
27.5904
12.6774
87.1958
24.6894
104.917
68.8248
61.355
28.3053
35.278
48.2392
50.7362
46.8796
52.6782
55.0565
46.1596
34.0824
59.9954
90.2761
116.723
41.6582
62.1762
28.4152
34.6159
16.9059
59.6112
98.7123
5.04475
32.168
32.0201
2.72511
150.245
70.5301
12.9592
54.1004
48.7853
43.9271
64.5184
29.2674
43.6014
4.72077
35.8016
39.0371
31.711
34.2847
35.0993
104.905
66.311
44.5271
12.4257
30.2949
48.1566
61.282
20.2623
42.4428
26.8532
20.9558
30.527
99.5562
49.1131
63.2885
17.7817
71.3558
40.2767
21.0057
39.8647
28.4392
30.5995
63.9336
75.4184
56.3431
112.323
52.2666
8.43562
41.9504
18.2524
80.8599
48.3868
10.8774
58.1809
114.675
41.798
77.5353
15.5828
66.4094
62.6683
71.0809
42.0551
32.6998
39.0498
35.8231
55.0943
36.6457
37.9483
21.161
26.8384
47.0649
42.9968
46.1872
62.4363
136.605
38.2085
43.6296
25.1718
51.5005
29.5071
28.173
26.5237
46.767
50.4453
32.6449
83.7682
63.6632
53.4825
24.6977
38.9251
23.6304
28.5727
167.183
24.2799
42.7059
42.8912
23.5403
46.0101
63.9705
74.8385
73.6548
39.9463
60.4219
85.4246
53.5139
40.5807
125.686
60.6695
19.1644
72.7937
27.7454
41.5798
131.789
46.3442
59.2126
45.5958
77.4882
59.0019
34.1534
45.7133
8.66412
15.2265
62.0618
50.9347
32.2645
56.8904
43.6917
82.257
57.722
75.8709
51.4146
28.7978
58.4427
27.7504
53.3368
23.8662
39.1423
83.7818
98.1077
48.8933
18.2117
50.4878
21.7794
32.8766
25.184
85.1597
65.0986
25.0718
58.1853
9.21508
63.3857
37.7042
58.6457
18.8109
75.1901
26.4303
30.4643
48.6068
51.9746
59.2351
118.781
72.3913
52.3688
107.613
48.7569
16.0372
63.3856
8.20148
74.15
28.0515
57.719
43.9433
93.5972
71.5124
25.3183
39.0345
38.033
25.783
39.7143
30.9298
38.9953
34.9666
60.0712
29.4561
41.7132
16.5985
27.311
56.7388
26.1647
111.489
28.2345
45.2897
104.729
35.216
27.9244
25.6937
60.3783
73.7838
47.6688
11.2682
9.7401
37.8346
36.7804
54.2267
83.6044
48.611
46.4948
32.2096
30.6437
34.4957
37.171
35.6558
43.2047
21.1389
51.3865
56.2875
65.2619
18.3354
131.562
55.3632
42.1684
59.6455
43.4533
38.7621
55.9947
47.476
26.7092
62.3835
71.4154
22.9441
24.527
64.4976
15.8988
35.585
49.6221
21.9183
92.095
59.2273
64.6925
65.3029
30.4345
58.066
39.9682
52.9995
30.3545
45.9546
69.0927
103.111
28.8176
21.3497
12.852
59.1551
39.0387
48.6241
120.846
24.0076
33.5917
57.1611
45.4891
50.9663
22.777
59.942
48.1397
65.5236
56.9777
58.9521
80.8696
45.6615
29.7444
26.597
50.7468
36.5799
75.7266
94.6732
74.4765
19.7508
39.4641
23.9133
55.2894
56.0816
33.2464
79.2357
22.8242
35.9454
33.9687
31.3808
70.2008
32.7631
61.4527
47.0324
69.3535
29.0253
41.0003
34.0453
38.1329
26.9027
47.1728
27.3312
54.8463
32.4653
34.2838
94.2466
58.9659
50.2111
49.7792
25.6137
27.3367
28.0261
41.3796
55.7674
34.0907
53.7193
64.9412
43.8569
49.9877
37.5638
17.4053
67.671
129.753
26.0749
33.6819
81.4151
40.9079
51.4706
13.9626
43.9089
36.5456
31.8408
35.9533
15.3374
46.3203
31.3467
81.9212
22.7957
27.3943
76.9035
30.2974
43.3279
24.1833
71.8205
55.4169
68.9279
37.5485
50.7678
46.9339
24.2744
20.9876
33.9651
38.061
40.8236
35.9553
21.2529
32.4547
44.8685
30.6238
38.861
33.2281
18.1238
29.6276
18.7212
10.2641
42.8869
49.348
42.651
53.1093
11.2062
87.9221
53.4017
22.1361
16.0777
32.8379
54.8961
47.5175
11.623
34.3773
60.7021
12.7925
62.7529
36.4396
122.525
26.5035
38.6745
35.6025
35.3677
71.2728
51.0844
69.3885
47.7375
85.3577
57.1266
40.4684
103.554
22.872
103.044
38.3571
30.8906
69.9552
78.3083
22.8306
107.264
13.5252
103.068
30.7676
37.883
29.6406
43.2635
49.2657
47.0206
86.9788
64.1729
28.1159
88.6459
47.4519
16.3314
17.4431
42.5007
70.7713
40.4154
14.863
37.0363
36.3033
18.9181
20.7923
36.5632
19.8453
56.4792
36.0499
42.4338
42.2596
15.7389
31.7532
47.6594
27.3664
51.9655
32.686
26.8877
71.2324
57.5569
32.6572
107.939
14.8143
20.583
30.9892
28.3053
76.6479
80.1786
64.5965
46.6342
98.3955
50.1143
44.4916
21.5181
56.486
51.735
119.495
53.2221
49.7958
11.3786
43.5209
115.163
76.5331
47.6941
67.2641
36.2555
6.12427
39.5865
65.802
55.4541
37.4187
36.0872
37.0888
41.3091
42.2743
10.7553
37.1874
68.0047
63.3082
26.7617
56.0988
38.9345
24.8096
60.4233
21.469
48.6033
37.6954
80.912
55.7388
7.33631
15.571
54.7513
50.2005
41.8262
51.1048
75.5461
11.0072
56.888
30.8784
34.6045
71.7288
53.3633
46.7976
66.7175
53.1797
57.9326
49.1897
52.6099
63.1162
44.3246
29.8573
30.9948
16.4737
21.538
85.4235
57.9128
56.2637
20.8275
62.6218
25.0073
52.919
40.8495
70.3127
46.1967
71.0747
36.1149
36.7393
119.109
32.405
42.3227
111.789
35.4789
70.7449
42.3391
70.3638
34.9485
41.4514
24.5099
43.5295
35.4212
35.5667
38.8965
32.6872
21.1286
39.6469
57.2245
71.2345
58.5528
148.424
25.2254
6.31635
69.025
19.0511
12.7299
71.5112
82.808
95.205
27.2987
129.518
61.0907
81.4246
67.6536
48.7149
99.4204
76.1891
93.7595
59.1459
36.0472
51.0107
93.2474
137.501
35.3297
33.6763
43.8207
25.7736
84.6052
74.6995
42.7746
28.9469
45.8388
73.4966
12.7222
18.683
61.08
54.203
11.6633
32.8688
25.161
16.2547
31.0208
44.3453
27.5685
37.1322
39.9078
72.2848
32.8373
103.113
79.6428
20.6037
27.5584
25.9423
64.5209
28.5304
38.5718
23.6376
23.2165
50.0128
68.2083
22.5279
68.956
26.0946
136.988
35.0423
134.052
57.12
61.0239
62.2959
43.2489
77.5675
49.0836
19.399
53.19
30.5062
78.0506
54.3777
8.67072
38.8092
25.5965
59.4056
55.4889
42.766
70.1908
46.1296
70.4761
33.0956
40.3636
72.846
50.1764
18.8466
125.024
63.8041
29.43
48.5398
24.6121
68.515
35.7157
36.9645
34.5301
29.1161
11.3891
24.9486
42.6295
17.2158
43.3095
54.2158
49.7765
96.5344
76.6719
20.4153
109.413
73.0178
128.634
35.6851
69.4692
24.8359
97.0831
57.3255
76.9814
12.7836
29.3276
39.2697
60.6209
31.2719
74.3615
72.403
35.922
43.8487
48.7067
36.1865
52.1508
47.464
48.791
27.1102
48.6534
43.2756
75.7728
42.7271
65.6787
62.3527
27.3979
83.1649
48.2731
87.4342
104.225
55.1094
13.8836
54.1897
32.5341
23.8609
96.546
59.5964
85.9049
17.3707
14.6685
67.5914
45.747
37.9699
28.2718
28.1837
56.6619
38.201
84.6593
30.6154
52.0497
103.048
43.1055
27.7225
56.2916
79.4609
20.6721
30.8892
76.1435
43.2092
67.9354
12.7515
42.8203
38.3345
34.2788
22.2229
57.5059
44.1871
46.7726
24.4248
35.7056
53.2139
32.574
84.5327
15.6072
63.5724
47.0526
77.7733
78.8256
17.5976
78.6684
44.8639
40.729
44.2332
47.7616
63.1644
57.3526
58.6149
21.7646
113.432
20.574
59.5741
18.4964
19.2546
60.9995
53.7972
46.563
176.81
33.6421
23.2841
57.286
41.4653
48.3158
25.5004
40.7703
34.3288
44.2253
24.7798
12.9616
85.4
55.7139
24.4725
67.0799
52.4651
27.7473
57.1416
50.4964
21.8201
29.5499
71.354
25.6464
51.4847
65.2788
39.893
24.8351
57.4099
36.0868
101.874
37.4228
55.9243
54.9734
70.1583
12.3622
12.1235
14.4028
33.3889
33.7709
66.668
72.1694
20.0819
53.7471
24.4933
32.7822
47.87
47.481
90.432
41.1181
45.101
53.079
97.5611
35.4169
109.654
54.1855
50.1321
53.7754
41.09
67.6759
60.6999
29.0663
68.6561
25.6639
52.5355
23.5268
14.4572
46.3724
35.051
71.3125
90.2448
11.3915
38.7638
73.7643
32.3881
18.2757
48.9285
44.976
37.4589
83.3342
16.4998
53.9665
35.2416
79.8223
94.2614
39.3671
35.3574
34.5516
30.1359
77.5032
26.968
44.8016
24.8938
60.5967
69.3047
44.7986
64.9289
29.0363
94.5472
23.7056
39.8479
61.335
53.8589
120.648
38.0385
138.185
43.1495
100.843
44.3093
20.1008
98.5928
24.708
25.0913
62.1357
15.2163
74.9279
16.3957
47.5501
44.1348
108.629
59.1918
81.5729
34.5244
47.8466
25.2428
17.3634
65.2447
33.6623
22.9334
49.3005
16.2852
19.3956
118.121
40.3232
35.5255
81.1223
80.7482
12.3135
108.07
71.9926
54.8044
45.477
48.9268
121.533
109.73
80.8031
40.3424
14.8332
83.5787
40.4673
95.4886
41.2119
37.4972
90.562
14.3528
25.1544
18.3489
34.7423
47.4257
14.738
17.0867
18.2562
71.5323
75.7621
51.365
39.4338
22.9591
62.1881
73.9298
33.2604
8.38868
60.6163
31.0733
81.1548
59.8035
24.8395
18.0109
52.3185
68.6764
25.7207
77.7793
33.4843
100.123
34.989
18.5006
75.5357
12.809
27.5425
30.039
85.6307
122.983
73.1136
35.6872
53.6712
75.3045
31.8505
178.493
63.5827
55.6397
46.5185
94.4789
54.0492
22.4825
17.8685
23.039
96.1357
6.16301
66.7062
47.5274
14.7399
73.6333
58.4824
15.51
34.6498
24.3429
75.2149
54.6894
31.7887
33.3222
53.3128
48.2693
54.0539
85.372
112.731
55.7298
58.1518
44.1686
70.8695
60.4702
6.79646
18.83
35.6115
68.8397
97.6372
59.1022
37.3993
50.1582
35.5103
34.8768
34.6191
36.9117
24.0663
35.3086
49.6807
53.7001
39.6381
93.3656
9.2685
72.4675
53.1158
31.8433
35.4536
50.2372
58.1007
55.4092
28.2796
55.0229
40.5512
18.3913
79.351
50.3487
11.8144
32.9915
86.9407
64.774
42.5873
34.8742
50.6101
23.795
16.2937
54.3763
14.7358
66.1764
44.2934
50.1087
18.7293
115.83
16.7573
59.9312
70.1936
80.1551
40.2959
24.7965
54.3254
46.88
39.4799
34.864
63.0048
52.1768
106.832
12.6995
49.6468
43.707
11.578
31.5593
21.3918
44.3623
45.0064
29.3503
27.6481
111.418
96.9099
62.0206
45.0338
11.1605
45.355
29.7167
28.4561
67.4926
62.8265
14.5047
94.307
38.0082
34.3616
26.0461
27.5924
45.2287
17.4964
36.2532
8.74142
114.468
89.0057
25.9749
37.7928
63.4945
23.0134
55.3836
21.4717
29.431
73.5395
32.3342
57.0461
26.2367
34.9187
37.0326
18.9506
33.8928
19.8978
59.4872
27.1119
15.3729
33.7338
83.7542
25.4409
50.1994
34.4301
67.6247
52.5103
27.6641
52.009
16.7178
37.7023
40.2665
36.0889
44.2921
24.1538
70.8012
59.2769
70.6244
40.7512
61.9448
32.389
67.3072
43.2332
25.0269
31.1334
60.1284
77.2985
15.3507
47.2803
78.0423
76.9207
76.8856
35.2862
51.7005
46.4043
30.1761
70.4425
47.1193
41.2379
37.2149
37.9901
49.1829
72.916
35.0614
65.3234
50.1146
64.4548
5.71348
79.4153
43.2604
51.7466
15.014
48.3647
121.654
47.9
12.6292
29.9705
56.7654
35.2119
81.795
72.6759
8.00519
41.8043
64.163
45.9496
40.5196
38.5673
16.9486
70.4274
40.6621
19.5881
52.6792
14.9401
17.3766
44.0743
55.6465
30.658
38.3023
13.9289
10.3491
44.6269
19.436
74.4001
31.7091
74.0511
107.645
38.6616
85.7289
40.9955
46.982
99.4978
37.3971
28.3515
114.326
73.9127
54.1594
45.6574
142.951
30.8244
82.0928
52.8211
91.0673
48.4965
47.2857
31.7653
77.4226
24.7258
47.576
34.1977
40.5825
73.7832
38.0216
37.9811
71.9713
30.8542
37.0927
78.6368
94.777
42.1958
59.8719
72.6008
54.5667
36.2566
10.9779
22.7917
7.65923
17.5931
54.5023
9.93429
45.7424
28.5406
23.1222
40.2469
61.913
105.402
106.303
48.4068
29.6747
25.9418
71.44
41.2606
52.307
35.4584
39.3448
40.0471
40.9431
57.8269
46.6329
43.4998
92.3247
19.413
58.5172
35.8985
16.5451
43.1855
118.81
48.8393
47.7745
84.2224
11.3749
57.3217
43.2425
37.7103
70.0123
56.2151
89.6687
37.9824
12.0175
66.0258
17.4544
72.4645
36.4081
56.7873
95.7115
22.7316
29.8705
45.6793
42.1216
51.6118
20.0944
31.3676
27.4526
25.8042
94.9931
43.9629
45.737
18.1088
52.1979
50.0645
38.3374
36.7427
74.4464
23.932
45.5405
13.8462
107.725
76.7392
51.9537
45.2262
21.238
28.1191
3.87002
55.6962
13.0267
16.4504
27.4461
35.6012
60.8144
36.815
59.2936
32.8993
90.8108
32.6421
99.6813
29.2121
39.2058
20.3205
43.3038
66.2468
83.654
54.2327
31.3542
33.9826
34.3547
66.1261
43.3843
22.3583
23.814
85.6639
31.5476
53.6708
61.7668
52.0904
11.2933
29.0042
49.6505
31.5782
38.3553
22.8776
34.8679
112.139
89.3797
5.76515
54.616
95.0935
31.9172
40.5891
25.5379
12.7539
27.0729
25.1136
8.29122
53.7049
12.6099
79.205
34.2526
50.3912
25.1783
20.8976
54.6992
37.9601
23.7154
44.4985
32.1712
49.4441
58.902
20.4533
41.1131
28.3531
141.308
69.4645
35.9487
20.4747
13.0681
61.3184
33.2129
45.6154
70.6718
7.34934
60.1067
40.9944
74.8629
73.8191
64.7068
96.9571
23.1327
46.4593
33.5873
85.5906
44.2503
64.7445
34.7401
24.6307
46.3354
79.6342
41.8317
25.9888
49.801
38.7685
39.3697
25.2266
42.572
116.841
18.1129
30.6469
12.5792
28.6903
112.232
24.6815
48.1495
27.6037
23.0824
36.4333
63.5605
40.4381
38.4742
58.9743
23.3145
25.5313
115.52
29.3641
41.3807
65.4777
25.7006
93.7805
26.2106
15.2409
69.1016
47.9494
43.9216
41.0268
40.2474
61.155
68.2513
42.797
46.5522
93.6874
45.2443
29.6162
56.9492
21.5388
67.3666
48.2414
77.0229
21.3252
61.5962
39.4279
74.0345
106.519
53.5082
48.4469
18.4977
14.6849
95.1483
20.4187
49.2954
38.8321
61.3005
132.013
9.10402
40.6127
34.5806
25.7082
24.9658
38.609
50.5732
12.1279
15.1095
24.5134
41.0177
17.2417
23.4194
54.1656
57.2022
25.6867
67.2896
37.9561
25.6329
32.1269
39.7311
30.9074
50.3227
45.0107
89.6026
37.0429
8.42917
34.2355
34.7336
144.396
64.9968
87.1181
37.4687
67.2386
66.0052
57.9085
64.2308
54.5818
78.5098
29.8742
38.959
7.06392
45.6046
34.2336
20.9475
65.1219
78.3103
33.6795
49.8429
20.2193
49.2101
74.7539
25.5288
48.586
38.2966
51.0576
20.3595
58.7279
44.695
31.9969
67.36
138.384
56.605
26.6994
30.5022
55.4378
19.4795
40.5948
47.4056
80.1964
56.2984
57.6892
31.6547
48.6597
73.1317
50.9027
47.4468
22.0671
45.8449
31.8558
48.5161
29.5863
24.6454
33.0435
95.6207
25.0597
51.951
44.3089
78.7171
65.3769
85.6902
53.0978
15.8742
43.6575
49.5855
34.2725
53.4924
16.4803
42.1705
32.0873
22.967
38.7539
80.9036
65.0435
45.0061
55.4479
83.7242
56.9932
36.6381
22.9358
84.0263
49.1675
42.0424
19.6914
41.0612
81.0998
132.171
45.5803
64.4074
68.5078
88.1578
31.1068
43.2976
24.0759
22.1789
32.0864
70.9999
63.0107
15.8124
24.2723
50.7409
34.0625
48.9146
52.6425
68.7899
26.3161
54.7019
62.709
33.4785
9.67279
92.2723
110.828
51.1086
52.7208
51.5236
26.6962
22.877
7.54231
45.2635
32.0293
70.2616
45.0537
60.5711
51.644
57.3093
148.549
38.1553
18.6043
25.8466
30.0372
77.6724
37.225
73.169
48.9921
30.9396
34.3721
22.7599
37.4418
31.3655
109.362
3.95736
76.7442
25.7461
82.0402
72.9156
17.7994
36.8763
26.3827
49.4101
30.8553
71.8948
72.8289
99.08
8.40615
70.4293
95.3601
13.4856
50.1564
75.9733
41.5623
56.06
37.5356
38.7255
18.8323
42.3956
18.6121
23.2221
49.2444
40.3048
44.0805
30.9091
62.0212
59.4564
44.9581
9.96031
87.5703
95.1376
74.0258
14.3874
68.2304
58.942
26.9265
92.2151
41.2485
12.7682
54.3559
76.0104
43.7955
21.2524
44.925
50.7576
37.2078
40.8385
49.6168
36.9758
49.0457
92.5582
52.4147
67.407
62.1422
53.327
65.5028
83.4688
20.4226
44.5727
41.8174
10.3536
69.2746
95.5532
24.6874
35.5394
39.8696
60.7255
20.1568
42.7123
29.3958
51.4246
6.66588
13.5167
76.8191
25.1834
27.5907
17.5529
48.2055
64.2311
84.1164
43.9638
44.629
20.0226
30.5941
105.874
24.4815
24.5869
50.0776
41.1719
58.1874
27.036
26.4076
22.3379
46.2522
51.1038
86.2388
44.5889
36.4688
20.3727
70.1367
34.6015
23.5369
48.3068
33.0778
92.689
21.8974
14.0076
49.266
52.252
22.923
40.0277
31.2955
69.3817
40.9023
24.5622
81.2359
39.652
19.0293
27.8877
58.7044
48.9113
24.5492
42.7547
57.203
88.268
47.8574
83.7033
37.837
56.872
52.4287
69.2849
101.37
5.6098
112.614
116.003
89.0931
7.99632
41.9862
92.315
61.8996
25.2928
1.82642
23.3082
30.8418
67.5143
35.6367
36.7226
136.144
78.7011
70.1351
75.9509
40.5298
86.5094
30.8435
72.0331
58.6209
20.2677
18.1014
19.1754
33.7797
113.727
48.9923
13.2679
37.8587
72.5996
42.0228
90.127
65.699
58.3696
12.5825
47.3284
21.4936
23.7065
20.946
10.3312
27.9488
19.3977
88.7284
77.7097
34.9199
54.3231
51.9253
76.4037
47.9653
33.2271
108.591
42.0418
35.1575
84.1824
23.27
40.3767
39.78
70.3678
33.4222
76.9931
27.0698
64.5892
29.9218
41.4979
30.888
41.4527
24.1984
60.8818
45.8335
20.4188
47.7751
45.1067
25.7351
39.9527
89.5349
32.7063
23.5484
11.3329
52.4277
43.4773
63.8217
44.9269
50.3744
19.2704
42.1076
34.5863
56.8348
98.0469
21.9546
11.9655
31.4287
35.5756
59.3559
16.0819
48.6406
28.2011
33.1096
49.8378
88.8738
81.8566
27.0792
56.0437
53.0967
62.0197
24.4084
34.3007
11.8351
63.337
23.7528
37.6976
18.4589
37.4251
29.4738
29.6397
49.2089
61.2734
44.2142
25.4439
70.6846
41.3884
39.4407
27.6491
49.5636
26.0321
32.1105
37.6662
51.6648
54.1141
58.6665
48.7951
80.9127
52.2271
79.8193
131.644
54.2143
26.3268
71.5358
61.4163
33.4766
15.4523
36.182
15.2848
11.1673
53.5863
80.4642
61.037
54.5715
65.6399
18.6951
32.6792
15.6632
80.5994
40.3422
36.8212
75.0061
50.5317
34.8767
23.6729
31.3668
50.2581
69.674
29.6561
33.9437
66.4463
45.7015
7.26004
25.4318
49.4667
40.936
80.1518
67.6097
33.0196
28.2136
71.8758
7.26682
29.6552
32.1047
36.8931
10.8417
34.087
31.1003
38.2756
34.2747
74.1335
2.0842
52.8979
36.5561
46.7516
47.7288
62.3452
89.0706
20.642
35.3074
24.3122
32.8386
43.7257
33.551
76.6865
63.649
20.6944
86.4504
55.5801
20.4033
53.9919
18.6339
10.9403
18.4315
16.5007
51.0737
50.5132
21.2616
52.6539
19.757
94.2864
37.5315
41.2828
28.3973
74.2549
64.4935
47.3865
32.1819
23.9174
25.5463
40.5357
34.8298
49.6148
48.8481
45.538
80.2335
60.1068
14.441
27.486
51.1952
71.4089
20.9693
58.6884
109.629
11.1986
57.358
7.47343
44.5192
72.0129
29.7422
39.9888
99.5738
62.9845
36.6288
45.6912
47.8413
75.597
88.1241
27.4071
57.7016
50.6676
20.0435
25.5024
32.6792
49.592
21.6233
28.4319
38.8481
40.4866
49.9642
45.9252
22.6042
40.6558
75.1724
69.3713
114.137
41.9268
23.2577
12.8265
45.4487
49.7057
63.9136
31.6614
7.12976
20.0096
46.2397
16.2347
48.3823
14.122
13.7685
35.9544
29.4546
56.8616
52.7084
68.1165
28.4072
32.117
4.81404
12.2934
25.3059
99.87
53.3579
34.4459
30.3141
86.8504
26.4354
93.5738
30.8236
104.075
57.9582
54.9474
26.1188
43.59
43.2447
24.104
47.4049
58.9536
30.6101
51.5803
50.9694
8.27416
39.2345
64.8376
53.095
61.2353
56.5167
72.6734
25.8931
42.0083
52.6417
19.7285
43.0208
16.3431
94.7347
21.363
45.808
53.5753
21.9407
37.1813
37.1782
44.6174
85.9028
20.4893
114.179
37.7206
11.9439
6.97377
95.5888
31.4812
26.715
51.3426
38.7605
50.9431
33.843
27.6102
10.1705
79.5257
50.8444
55.6886
62.6241
47.6274
76.4568
46.63
80.4234
34.6878
29.1121
29.3079
65.6311
34.6529
112.339
36.7276
6.14486
109.889
99.6456
66.9986
45.2222
43.241
62.4489
48.7128
47.9621
48.9857
46.31
93.2035
70.8458
75.5228
9.45174
50.3528
67.0464
21.2521
19.9617
53.7943
32.4828
19.1053
104.182
4.95925
45.3961
101.971
27.0459
69.9467
31.2524
19.7667
40.1926
52.4499
47.8285
37.3926
58.7892
29.6965
75.0221
35.4715
31.4642
79.8175
36.6979
32.0637
79.4603
40.4034
45.7095
47.1707
37.0876
14.9856
88.0624
34.0593
21.4644
37.8772
39.1174
32.9453
26.2006
19.1914
29.8199
12.584
11.3058
32.5802
87.8767
52.9817
60.7825
24.5669
36.9323
45.9231
38.3045
20.3483
33.0643
71.2312
39.1344
49.5052
37.37
44.3812
18.6045
93.7317
22.2139
33.4779
51.9284
88.5529
31.1978
68.8466
23.29
16.3143
45.6524
23.5116
3.85241
10.7779
5.92203
47.665
69.831
111.48
83.8722
32.0733
35.7801
77.7893
72.8575
20.0231
96.9796
51.402
70.4142
117.962
78.1183
86.1418
52.5101
95.6189
44.1834
44.6479
68.9644
64.2753
32.9535
55.6644
39.8393
39.5324
40.0036
45.8246
22.8629
86.3974
54.1181
48.2171
29.7605
105.968
37.8507
74.4601
40.0809
43.2818
45.6761
66.7591
51.4143
78.713
18.9399
33.8554
103.015
31.1119
48.9435
45.9559
47.0147
38.9019
46.159
26.425
62.3107
50.7173
19.3576
37.1092
62.1073
14.848
8.69846
51.3926
43.1701
15.1884
10.9306
78.9192
42.3174
23.4412
20.2365
62.035
47.1136
76.838
29.3857
67.1469
69.588
48.2349
33.6696
28.6263
31.1493
47.625
52.9346
21.3787
56.0094
90.5096
72.3035
63.1111
71.3406
26.4942
19.4005
61.6816
30.071
18.9434
34.2779
119.417
56.716
57.2755
45.6299
48.558
39.9134
45.7877
32.6557
96.8024
22.5019
53.5844
32.125
44.7471
95.7222
23.7638
126.431
45.0575
46.8733
50.1064
21.8804
44.6093
98.6009
62.992
42.3095
40.7806
59.8636
55.7615
35.3369
59.4998
63.8198
17.3051
131.809
40.8079
69.3258
48.7226
32.5618
98.3685
25.1615
74.3634
20.9398
68.5796
62.9523
112.374
30.7633
39.9357
72.7581
40.5091
51.0142
34.0134
53.3012
46.7526
45.2796
91.4842
26.1596
38.5631
29.6667
52.9781
41.8665
55.9032
56.5592
25.1999
47.9398
74.8555
101.658
90.5756
94.6402
65.3462
72.6468
78.4013
145.213
42.3351
39.3356
48.3057
38.5595
56.1539
48.8118
83.3917
57.3073
59.3844
26.86
25.9804
75.8952
50.5373
24.2276
15.6332
8.00066
52.5716
43.3757
89.1604
58.3304
42.7223
25.5638
29.4759
22.8673
11.8537
54.7666
26.4218
36.7856
51.0984
52.1946
42.113
34.2654
27.813
31.7119
26.234
37.1663
74.0165
40.1154
31.8125
32.5232
26.1459
124.506
29.8818
47.5862
54.5117
52.7016
70.0382
29.9252
83.0764
53.4652
52.5223
7.18295
16.3771
32.3103
33.0871
62.4209
70.2482
30.1993
16.8347
50.6721
50.9879
48.7271
56.062
62.8696
62.6402
26.486
15.6011
31.4725
25.269
80.0634
41.2574
38.4181
29.0022
74.5278
108.068
47.359
93.8591
56.214
47.1657
3.93889
82.8205
71.2371
83.9535
25.1642
81.6782
18.2998
77.1183
24.4852
41.4861
45.2939
42.3486
46.8283
55.3713
41.2685
97.1554
13.5924
75.0612
63.6566
34.3732
55.0032
41.9525
28.0307
92.2061
45.1769
94.7815
88.0941
37.8649
71.1986
47.1636
45.4327
42.5401
37.769
29.0447
50.7768
59.0355
17.269
60.0811
86.7195
56.3098
18.0246
58.6619
27.8664
22.9998
20.8878
54.1814
102.561
39.7149
96.0892
78.1098
53.8914
30.748
30.8362
49.8458
28.7779
25.7357
30.6134
46.831
45.5807
87.3037
72.1343
61.9033
67.6959
16.6149
33.7521
63.3358
63.0145
51.8105
62.9289
63.9592
55.2555
71.6969
33.2976
18.3143
56.8126
55.032
62.8534
84.2241
91.7559
26.5604
17.4661
35.1013
74.7608
44.4514
82.7491
41.48
41.8543
30.9827
69.1335
37.0159
105.955
6.42727
44.6698
20.8238
7.65373
57.3391
28.9736
18.2332
48.0332
41.2783
31.7526
37.1011
41.5601
41.7511
19.4189
84.3583
35.7508
85.6458
41.7114
36.2684
52.083
34.4148
41.8507
28.9997
66.3146
64.8482
58.5525
73.3743
23.2117
56.9047
40.7867
41.274
83.162
46.534
57.6308
47.1604
29.802
11.5855
27.7757
73.3238
33.4773
60.6082
38.8432
48.4628
56.9953
52.4422
33.5053
66.3241
38.8719
57.7834
61.3733
19.7368
31.6052
48.9077
34.6097
11.8263
27.6805
68.9664
22.0731
76.3569
30.0388
47.7233
65.0146
93.4975
43.4094
42.5678
33.5626
33.7946
53.9667
30.525
70.6813
19.3054
105.558
69.9624
70.4006
26.1134
42.5224
10.0625
16.5123
22.6765
57.9189
30.5147
29.5202
42.2393
60.3083
16.4484
16.541
24.6319
65.3536
79.4582
108.937
90.0769
36.5039
30.5333
18.5244
28.8872
57.8732
10.0491
5.77641
43.071
35.7414
29.9726
45.3601
50.1099
34.6877
75.3134
48.3181
56.9959
27.3716
43.0271
21.346
45.5041
66.9959
26.4394
43.2929
31.8958
35.2439
37.0425
14.9128
58.4869
50.0622
37.3924
38.4098
32.2371
29.6879
57.3322
26.8153
61.56
75.6051
14.4863
87.4707
26.0181
79.9028
18.1873
71.1158
38.496
27.9133
47.8837
35.7142
76.1189
66.5312
39.5761
41.38
33.0605
52.1728
67.3125
69.3221
52.078
82.2331
11.165
57.6973
40.3761
62.8202
69.7082
52.2954
74.0402
108.053
52.0359
119.678
36.1729
74.2363
35.1575
76.9455
45.4603
30.9582
9.68791
102.231
91.6339
15.7032
32.5441
23.0362
37.3716
36.9916
27.9571
120.47
54.8508
18.069
44.3633
79.2683
32.661
78.6818
30.1315
89.0694
62.0142
24.4905
97.696
13.8196
36.2783
46.0992
45.0466
28.9037
29.0516
53.5979
36.7828
37.6456
25.7796
36.8062
84.2317
42.3286
39.8855
30.5631
46.3604
23.2911
34.4453
12.8723
48.4626
8.5182
50.7338
33.8153
19.9815
55.0182
27.3953
58.5969
15.0014
90.4476
33.5952
48.4656
48.0153
19.7087
74.2184
56.092
56.7722
31.4562
42.4778
31.6253
66.313
23.9796
125.223
30.645
17.785
75.5075
25.8797
15.8262
14.6936
22.4356
44.9723
75.2873
90.7751
27.7035
75.5689
20.1666
98.2509
53.9917
16.9837
55.3754
34.1712
26.118
65.6332
31.3808
55.5944
50.7914
42.7942
14.2418
116.444
61.4246
61.898
32.4155
28.5561
30.8484
53.9656
46.6614
101.924
24.9632
50.1988
25.9888
27.0992
56.5149
22.571
52.3265
20.75
33.1854
43.9743
34.8291
7.66832
32.0511
41.7603
42.0465
66.9654
81.7754
38.3419
41.0851
53.5167
38.5878
33.6137
57.5127
33.6103
50.9044
52.1631
38.9102
44.5602
69.5173
45.9826
8.83636
30.5589
25.9276
80.6723
21.3986
9.90304
30.7153
35.178
34.6486
24.1276
31.2229
34.7438
91.9328
25.598
48.1027
36.0353
87.1398
116.163
75.3789
32.7683
33.1007
32.2506
75.6214
38.9731
88.2767
22.4996
55.5529
39.0713
13.3991
46.6416
78.627
30.5345
85.0139
28.9509
13.8416
30.9601
89.7347
71.4678
49.8757
36.1492
27.8663
42.5146
22.6075
22.327
16.4872
44.0927
23.7397
29.5983
34.9513
71.9917
8.64044
96.517
38.0579
20.2048
13.8764
34.1421
32.7389
34.8061
30.8796
53.4987
61.1665
29.0467
36.7678
71.335
80.7299
43.8713
43.4479
48.202
33.854
26.1381
64.5809
60.8838
60.2878
29.8624
16.8217
14.6862
38.2526
35.3218
92.2956
22.2132
7.56851
49.2851
77.8345
43.3139
35.5861
60.071
40.4889
62.2235
36.5634
30.6497
73.3693
31.5441
63.1773
33.8705
37.0099
86.0038
113.808
39.2032
43.8572
13.1387
73.341
26.2322
82.9794
27.497
19.1512
73.7216
104.343
50.9426
20.3882
56.2505
26.2548
27.9582
70.0118
36.1986
55.1317
28.9478
84.9648
21.0651
116.24
46.3598
39.8626
21.5247
52.193
19.3182
43.0263
126.582
39.2198
65.7573
68.2908
49.6824
80.579
34.9692
58.2971
44.2267
90.5525
35.2323
61.4653
47.4812
43.8534
43.9406
11.2371
68.0035
30.9189
80.2302
72.0796
16.1921
28.9306
40.6663
26.3618
10.0078
57.6341
110.493
32.8898
75.9623
128.511
75.8708
40.9993
63.867
52.1327
16.9019
22.2777
27.7918
23.2812
70.9476
56.8641
66.0541
29.9724
52.375
43.6378
46.3363
37.6965
43.6372
11.0737
121.659
82.6653
62.2353
59.6993
50.0639
57.8134
11.801
121.617
109.361
40.4781
42.4376
75.6964
58.4246
32.5278
5.91385
80.2439
108.44
43.0769
44.8606
37.9969
59.5675
38.9598
63.6386
66.4774
57.2956
50.7705
27.4251
35.3973
33.4785
28.5895
19.2772
29.4948
35.1043
38.3262
53.6807
45.4804
75.1291
87.9064
34.384
47.5537
36.6365
37.2698
44.0969
53.7959
52.7183
36.1502
18.9686
26.5693
33.8149
46.7185
24.9643
54.9605
13.9139
39.2788
14.9417
35.1919
45.5906
23.6526
55.7197
32.8466
35.1802
35.514
16.881
88.1781
29.7465
58.7095
39.7066
57.4807
49.7185
65.752
100.579
47.488
32.5087
72.7506
28.0568
58.8846
54.6296
38.2038
90.3864
31.1081
152.843
54.1697
62.1532
66.0978
47.9868
41.402
60.4595
62.3661
63.3944
55.4663
21.9268
81.2055
62.6844
55.9422
28.7819
28.667
23.8761
173.084
50.1578
40.431
38.2304
49.879
49.1566
42.6725
37.1757
41.6184
28.5188
47.09
56.2638
47.2184
68.1048
59.4242
65.0013
19.2313
26.7692
49.613
66.7966
11.668
49.1332
47.4292
34.4607
45.7191
14.7241
17.4003
49.2495
60.9132
26.9542
77.4384
42.3013
32.0169
78.3271
43.9253
42.3439
35.7491
55.0287
91.8454
145.122
65.9252
62.7203
56.045
46.172
133.897
43.0417
30.714
5.95801
33.2279
19.7205
60.7924
44.6263
34.6233
66.3713
21.8279
72.623
26.8994
54.1984
60.1304
8.35585
43.2119
22.6497
45.1041
90.4704
73.6844
54.2831
42.0471
48.9555
34.6645
109.743
36.737
71.5807
61.925
44.2925
44.4756
102.767
84.7981
73.1884
25.4643
71.6973
59.0024
39.6316
54.5126
22.4575
45.905
35.0312
34.9657
83.5715
45.5378
86.2936
79.9445
32.6226
50.389
26.6788
59.0605
32.1262
72.9793
81.3668
29.1492
34.7534
50.5246
31.3332
28.8915
84.1056
23.2765
34.2516
43.7193
16.9976
21.8317
21.1836
58.3487
41.4881
42.6335
38.6091
78.9003
41.4568
41.8862
32.7222
43.7224
42.1814
33.9612
66.2463
22.0882
33.4284
50.4287
6.30252
37.0439
102.305
112.68
73.2983
18.3128
76.9653
52.0287
19.1107
19.6472
78.3456
9.79106
19.2688
82.7471
18.401
28.7084
42.4858
95.7535
29.768
14.3255
21.224
12.7563
16.3216
45.0508
23.0741
29.3164
102.218
63.0507
28.6979
84.6453
36.5123
44.495
20.0965
17.6511
16.6743
49.1522
4.56998
51.1831
21.394
28.7072
33.2407
47.7692
23.3401
33.916
68.7515
72.274
61.9177
34.5243
77.6746
15.7212
34.1129
47.9984
30.1777
127.759
19.3473
17.0104
71.6714
61.4207
65.0627
23.9353
72.5642
42.6484
91.4238
60.6898
10.1581
70.1815
31.6382
59.6734
57.6016
35.2083
86.6394
55.8378
40.995
21.1073
52.0845
49.4161
27.4176
96.9823
26.8219
25.8286
8.15088
56.1882
16.2434
27.3887
12.5522
33.4483
38.9179
54.6664
28.5834
83.0529
56.7271
55.1504
59.6827
54.0914
38.5587
36.4538
35.8247
36.9508
34.9422
42.6558
34.1721
69.4989
61.7756
38.9021
41.6886
65.6247
20.0995
84.8158
48.8594
28.7697
32.4424
75.564
46.2339
21.3667
58.4655
17.5302
11.5908
63.0843
75.7409
20.5793
61.7548
96.2421
32.2598
51.9225
46.5727
25.4122
29.4239
45.172
43.18
8.51512
44.5497
54.1946
45.8479
24.8906
76.4594
102.586
27.6006
30.7849
39.8262
71.243
57.9112
14.6087
69.4394
5.98406
39.7018
72.8571
33.8172
90.5623
36.0942
43.1393
18.8683
43.1075
37.2281
65.136
15.1135
28.8904
42.7894
48.2199
14.9605
41.2267
49.452
27.0373
53.0044
91.5153
59.7065
33.6894
42.5417
46.5313
6.94335
58.4917
94.1061
75.4158
51.5316
47.5172
33.0498
92.4223
55.3638
63.3156
66.5153
11.4767
15.5743
92.084
76.544
22.2638
22.4432
89.1428
55.2429
22.7729
22.401
64.273
71.2431
20.2873
67.7506
49.8718
45.1533
41.577
74.3718
32.3675
50.75
59.0919
9.94274
18.2044
65.1969
76.8536
32.006
29.6351
36.0786
77.1345
45.7314
50.4258
48.3931
37.0463
26.0048
31.7572
37.6637
74.1197
18.6041
33.5505
34.5393
42.243
19.4454
25.4627
77.6317
96.8338
23.7868
69.4669
40.1859
72.0431
35.5645
43.926
29.1284
58.1599
43.2465
62.3811
65.6043
38.1556
51.3016
90.0535
64.7387
93.0336
21.5858
48.3383
29.9812
53.7848
54.2063
27.3913
92.8787
49.1208
57.5845
34.5702
84.4592
58.1815
35.0496
32.5625
38.1264
17.4984
88.9786
55.8579
65.1596
61.7861
48.4408
46.4833
9.0202
91.4843
16.3172
86.2295
29.2934
43.8001
16.7312
86.5962
17.497
53.9998
43.6056
55.6524
26.1297
16.8417
51.6741
43.013
34.0905
16.1109
55.7913
74.4012
50.8033
38.2881
17.516
45.7711
37.2221
89.5892
27.727
17.0781
63.4093
50.6946
47.3231
27.7996
11.6028
79.4735
83.1057
40.8004
22.4023
27.8181
47.6842
88.7966
85.4618
71.9751
39.0986
46.1797
88.843
43.9979
60.3682
48.4528
53.7685
77.2735
51.0609
37.0223
45.1965
38.025
50.9834
37.0655
54.4994
45.4899
34.1826
42.7579
50.5608
55.1193
47.53
39.9259
27.298
30.1041
60.8206
44.6733
79.8098
26.5587
36.6986
67.3354
39.5166
88.3627
37.5887
77.551
52.31
17.3267
33.7721
49.1175
49.5668
46.3057
59.6764
47.0984
68.5113
55.7554
61.5173
86.3098
36.8492
30.2532
65.0181
20.3493
59.2806
60.0428
69.6139
30.5392
10.2711
57.4221
67.1404
74.4982
47.8798
17.6751
34.7898
74.5678
22.6519
17.2088
36.0362
54.807
53.1959
41.5582
82.0017
25.7181
20.9869
38.2867
57.8806
18.8019
56.3289
42.4626
45.8346
14.5421
55.4858
48.924
63.9182
56.6705
77.0542
19.4667
61.0877
89.2507
35.6103
54.2072
56.5206
43.0721
26.0916
72.3171
127.124
47.6402
53.5647
84.7703
55.6319
16.682
45.8928
30.185
67.7845
78.179
38.249
26.0022
34.6759
57.4023
9.11281
24.4675
72.8193
89.2021
42.3133
102.749
82.3541
12.788
89.0179
72.8383
12.1929
70.1868
43.1825
33.7729
74.4501
49.8877
60.4927
21.2134
21.1222
101.345
41.7544
38.5518
22.3791
38.5725
93.476
35.9487
13.2556
72.4191
16.2741
18.2668
33.2713
30.0295
31.2049
34.8804
41.0178
22.0211
25.303
98.8962
23.1596
59.6668
68.238
35.7031
39.1857
9.41426
29.3185
52.3345
108.252
55.091
52.0188
56.7375
42.1008
59.1495
30.016
50.981
62.0244
36.322
52.8144
38.2723
36.914
46.1097
11.6334
98.0096
49.5189
27.5557
26.7602
55.9067
50.5289
105.428
42.6166
32.0596
58.4578
60.0383
5.26417
46.4201
74.579
37.4236
43.4933
30.3039
46.7871
15.174
75.1727
68.1526
37.7455
30.2319
51.8367
20.8074
24.9924
21.2763
55.9384
130.837
23.5954
81.4155
38.2705
111.564
12.1665
29.5438
23.2847
78.8849
68.8079
24.9465
40.3341
32.8642
21.6536
27.3553
47.4112
29.3396
61.7263
111.544
31.5267
40.5821
40.8072
3.14085
70.7244
54.0266
76.3068
22.3779
68.6545
34.3781
99.3829
61.8381
28.2255
13.6347
17.3863
81.3359
31.839
18.1465
17.9039
42.9441
41.3675
26.3978
37.8006
37.8229
39.3027
37.8734
93.0714
75.3488
56.8945
59.5267
47.211
22.5344
55.1035
24.1109
40.4653
86.4722
106.309
59.4775
18.1073
51.2066
32.4158
16.1742
36.2925
21.8499
64.6481
26.8682
53.1261
93.8613
52.2387
15.424
22.1848
43.3225
32.5037
32.424
34.5753
40.0328
18.6329
53.0912
53.2581
22.973
58.3499
59.156
40.2889
67.0991
43.9187
65.2075
37.2405
37.8586
13.1001
57.8877
50.9956
51.9844
57.3535
33.6464
76.6258
33.1829
45.6067
30.2005
71.9252
49.8931
34.8555
28.9232
50.7495
47.8801
34.4175
61.4424
54.2957
56.1018
26.7628
101.081
79.5956
32.366
76.6524
30.134
45.6684
33.3679
35.1937
67.1152
16.7269
29.9212
55.6539
41.6987
42.9557
22.2224
77.2226
58.4118
39.6014
69.5141
68.9865
77.5328
31.0236
60.356
59.9295
30.4755
66.8977
47.589
48.5403
63.6702
57.3752
8.53152
12.9797
78.2805
92.5131
82.4059
22.4132
49.6732
18.0181
15.7018
87.7291
35.8336
37.2358
9.56245
8.64784
53.3675
62.0822
51.2286
65.6607
26.5831
35.479
48.7792
71.054
30.5996
100.969
47.5889
34.0727
45.2301
78.819
41.8708
38.9706
27.2799
33.671
34.4617
15.3832
49.6819
34.8393
87.0195
41.8751
30.2309
66.1175
27.0337
66.3859
25.8913
17.035
47.5893
40.7952
65.707
65.5091
28.9459
45.9
12.5618
53.3236
49.4532
24.0984
51.9217
50.9207
17.5297
58.4487
21.8245
74.2798
33.706
90.3003
59.3614
28.1953
63.7906
95.8796
18.2005
34.4199
50.2799
47.421
82.6423
12.7931
69.9272
12.8171
62.4273
54.3731
62.7288
29.2401
56.4946
33.0209
51.3874
65.1664
67.5571
13.4662
35.8475
41.7177
89.9462
60.3637
49.6569
36.8555
28.6899
41.6438
28.1501
52.6493
39.4112
23.1726
61.2542
22.0736
78.8514
67.9927
53.4704
18.3419
21.2069
46.0888
66.5041
70.203
45.3731
38.5718
35.1283
52.0214
48.0115
42.4613
32.4692
45.1736
28.9139
40.324
75.8067
34.8322
21.1279
26.4096
76.046
35.335
44.7578
15.2997
32.6287
32.4264
60.5312
74.9346
40.1697
59.167
43.7954
62.2267
33.7624
30.1852
34.0466
37.136
76.7355
7.98017
68.7821
29.5875
46.7874
54.6042
76.2909
32.6109
47.8484
33.143
20.8259
6.58464
40.6908
88.5179
37.8629
88.5198
31.3621
26.849
42.0913
130.576
47.9866
40.2803
95.1209
53.5234
41.0251
25.3121
64.0962
28.0944
39.0272
24.4591
32.0899
44.8929
45.0981
53.8108
42.1301
39.4538
55.1147
69.8327
21.7801
45.4379
29.8631
27.3497
29.8996
31.8754
70.8753
39.4666
68.245
50.8787
60.615
29.8533
41.0783
17.1994
51.9058
26.9265
16.586
69.6138
15.795
75.8601
55.3179
33.2952
66.9934
42.286
37.2493
38.8188
33.372
39.171
51.6631
72.0125
59.4349
38.2733
95.699
66.5948
51.7263
57.8841
47.983
28.2956
52.8949
59.8431
29.1057
47.1536
66.1418
47.5849
63.7624
18.7664
66.5411
10.1302
40.9195
57.0211
28.7143
32.7223
26.8397
79.4776
46.0213
43.2824
68.4864
71.1321
61.4743
36.9788
71.1636
32.8397
23.9251
27.4804
46.5581
19.2631
82.0828
31.5938
18.1078
37.0431
15.9513
34.9649
24.3338
60.2746
20.2733
75.8279
35.3191
8.08585
93.2247
40.5611
19.8132
9.07763
28.8251
100.14
40.1362
31.7401
55.9626
7.14812
7.85662
52.0447
149.177
43.0428
45.9979
39.4197
17.2271
15.2125
78.4539
62.3511
55.6336
49.6505
15.6443
14.4174
74.0475
43.4284
38.7496
31.6723
50.4887
29.6466
78.4619
25.0507
27.1963
64.7405
37.1033
75.3034
57.9312
84.8831
55.8585
9.55997
48.0997
72.6733
53.0663
15.9347
85.6718
39.1173
60.669
92.8555
45.0285
34.4994
38.7764
22.2049
56.0839
76.7742
43.6819
43.8804
8.49725
32.7279
18.3608
54.9268
4.47922
48.085
93.727
46.9629
93.0149
26.1304
40.7796
86.1949
18.9022
94.9644
65.2639
143.512
40.8576
61.1877
15.8437
44.5747
73.7488
24.7153
57.0083
56.7162
31.8682
20.0381
89.2966
13.3301
87.0374
59.3206
51.8369
69.4086
47.529
73.4071
71.3545
36.8228
34.4695
24.4464
40.9192
21.548
59.8603
46.6053
32.7074
33.3415
8.55409
51.9932
40.2232
40.3856
21.2152
38.6991
50.1661
31.5522
35.5889
31.5767
53.4773
80.4714
76.7593
66.1439
19.2932
76.4633
115.869
35.57
11.4127
64.8195
44.0322
33.452
30.1447
13.1891
71.014
57.0409
73.2308
37.8233
49.2971
29.4073
63.9995
13.093
43.5193
24.7033
85.5754
48.6465
12.0639
52.16
30.1248
130.068
13.412
55.4365
29.2672
46.4493
39.5702
51.3701
53.527
36.0912
85.5808
85.6696
28.0475
41.4256
48.4223
30.1622
48.1033
27.037
53.1174
70.9724
126.237
65.3935
66.9433
100.41
55.1019
74.7364
49.0088
66.4895
45.1813
58.0334
9.03067
20.8166
34.3433
86.1566
58.2366
18.0912
35.6185
17.8022
150.581
27.9935
47.4368
62.28
54.6407
24.005
56.7283
36.6431
40.9393
15.2573
82.7768
52.6141
43.4515
118.303
22.6066
14.1785
51.5964
26.9729
73.3656
56.2775
28.567
22.5869
26.2392
24.8499
41.4738
51.8959
20.586
75.5424
57.0697
89.933
55.4337
29.5488
18.6161
43.0096
79.7175
23.4971
58.7764
13.0196
7.52567
73.7225
21.1376
48.647
84.9953
16.765
17.8735
58.9822
8.05719
35.4403
7.97681
29.9578
46.4679
16.172
51.0686
89.9427
39.6595
30.5835
31.5848
31.9632
18.09
37.7802
71.9573
40.5938
31.8116
49.0326
60.8006
43.9393
42.4471
34.349
58.0141
48.9739
35.5408
75.1412
60.7752
42.8414
14.1656
37.8977
74.1845
67.0448
86.6596
20.6158
64.7004
48.2774
52.7812
41.8499
13.5204
46.9782
61.3044
22.7107
31.2899
47.8709
22.9249
54.7494
89.5483
25.6672
17.1599
95.234
28.0348
27.6789
41.5857
20.1483
15.8065
15.8958
65.6269
26.1975
44.3658
39.267
23.6206
16.4957
34.5264
54.077
51.262
83.0927
12.9818
50.4828
51.3483
16.3974
88.988
57.2717
36.9025
92.6251
70.7682
11.2485
42.8505
14.3155
154.094
29.5662
18.5847
64.4957
115.644
76.7305
20.8858
20.2944
44.1417
44.0631
23.1795
62.7362
13.3971
43.7999
17.0954
95.7452
44.3376
79.5819
81.1884
28.8075
23.2857
84.399
22.5324
34.6702
30.8215
12.203
55.9174
24.5364
48.6208
10.1097
62.7555
59.261
45.2249
20.19
24.0157
66.2648
36.7433
43.8814
25.3215
32.2234
40.6567
69.1277
101.268
28.3551
60.6402
9.8013
68.2622
34.576
58.8394
14.3108
31.2572
17.9205
78.3498
20.6266
72.1458
70.8132
36.3096
45.024
11.2628
53.7982
24.2028
36.3479
43.0259
14.744
103.842
15.3157
77.9953
67.88
64.8088
74.0484
47.3292
50.334
22.9734
48.9889
34.1187
38.6012
56.7969
51.1256
41.4902
52.8902
116.956
18.7933
28.3854
27.6118
103.67
85.1284
30.137
70.6706
29.1153
68.2001
12.6561
9.73976
54.8454
48.3626
66.014
57.1878
52.1091
22.5336
40.9025
44.3526
52.2984
59.3092
63.2636
42.0246
21.1762
42.1527
55.387
92.7073
29.4883
42.805
64.0984
25.237
57.953
36.8344
20.4649
20.0774
58.1891
81.263
57.4087
38.0495
64.898
17.3923
39.7953
21.7819
58.3547
40.7999
43.7733
25.4041
35.4563
18.6758
26.5223
35.3572
62.961
65.1592
20.6516
42.9602
119.158
55.2526
83.0078
23.4223
27.6514
38.3817
60.7985
20.1583
8.0123
12.413
65.9905
47.3615
68.5635
17.7284
47.9066
61.0505
41.6359
35.0167
56.9833
24.9566
47.3615
26.6603
27.936
49.1104
49.7129
52.598
65.5579
69.3373
61.765
29.2714
45.5648
8.18112
74.7431
9.20582
30.5917
8.42066
81.0865
64.7016
47.4922
64.4212
57.3504
66.5388
98.1851
48.3973
70.2238
58.5123
69.8245
31.7342
17.6132
41.4563
19.342
76.1083
43.2835
18.9622
22.8524
49.3386
94.6761
37.5739
62.2309
175.523
113.177
47.2641
42.4936
41.8505
26.4533
24.9146
38.1364
48.9601
50.4001
38.5107
17.9039
25.3737
29.6646
38.0633
30.806
38.5172
91.1825
50.9304
46.9527
52.6201
47.426
12.9012
7.94437
65.0151
66.2899
58.9558
94.7409
38.1134
29.7403
82.4299
31.7114
22.6416
30.654
96.4063
20.117
2.67108
33.1287
37.2949
72.5695
64.9519
102.92
84.7428
15.2378
113.716
54.505
78.0375
16.7704
41.824
23.0082
82.0253
25.5805
80.604
71.9883
24.6391
62.9205
22.1153
50.2526
47.0526
48.3601
22.0467
35.3146
35.2804
43.2177
64.9579
82.4537
37.2016
15.0189
33.8992
64.2744
64.641
43.5436
40.2243
66.5204
28.6724
13.7717
103.846
53.4886
34.9285
15.4357
48.64
52.3541
25.013
49.6942
42.6906
77.8185
40.8518
47.6062
31.2522
32.4697
12.9063
30.2034
59.5616
54.3813
26.8248
16.8397
37.6284
112.06
23.9842
83.1534
25.7811
53.9825
32.1884
27.8279
33.366
32.9728
87.7427
9.57925
56.1993
83.7747
38.767
31.4507
21.462
37.6474
76.0038
22.8659
27.2472
41.487
48.461
60.7082
36.5807
30.444
30.0769
71.9031
74.6842
30.0815
81.1907
29.5127
24.0343
81.2891
23.0747
15.0755
61.4002
58.2895
28.3703
62.1709
35.4057
167.271
81.7785
34.2188
45.1143
24.6188
22.9182
20.0198
94.0139
88.7026
36.0801
29.0382
92.5817
55.2087
19.3411
78.5853
34.4339
28.0617
53.1535
54.1503
59.0767
38.7441
57.5464
33.8073
116.959
32.0131
58.8563
62.0681
34.5639
45.0485
21.607
62.3135
16.6614
24.0726
65.193
47.8852
50.7067
28.1532
31.8334
54.7281
21.8983
77.0848
82.7506
17.4753
31.6318
9.88933
59.152
41.2671
66.7331
76.4805
54.0026
118.949
85.7179
32.1287
37.1808
79.1695
71.6697
29.5686
36.9724
66.6157
34.711
65.4645
9.11154
16.8036
20.9073
20.6244
69.8219
36.3478
70.1314
38.481
41.1215
29.2106
49.5572
32.0901
21.2974
17.677
35.4297
39.2881
44.6208
28.1584
35.5026
25.525
50.4213
79.842
17.0771
31.9328
12.1884
49.7045
34.6395
27.3464
47.2049
45.6628
40.2637
34.6434
49.4769
15.9546
70.3968
60.4763
61.5275
70.8557
32.7136
52.8302
18.5677
96.5234
29.5766
60.9444
42.7658
58.972
62.7968
38.7508
33.7439
22.9304
29.9149
49.0359
5.92348
55.8319
55.9372
96.5403
7.76642
89.4185
48.8594
20.6124
13.1894
25.7204
29.0166
40.1985
15.4326
32.165
35.0832
61.3078
110.553
52.1883
57.7572
49.3376
38.5969
64.1949
29.095
39.1115
55.0245
59.9674
60.3492
46.3339
35.0076
23.1352
44.1023
62.0056
126.22
34.9085
58.7165
51.663
54.5952
49.4826
58.2882
38.2621
47.128
24.6098
34.5818
103.995
46.0636
53.3865
88.1653
18.9003
22.2272
43.5763
34.0674
48.4348
20.2012
91.1158
7.52323
47.0082
54.7058
22.934
75.5132
83.3435
112.855
33.3283
44.3748
19.9279
36.7078
107.013
65.6724
47.9638
42.256
52.6108
42.4569
26.6521
33.8359
68.8848
41.7158
36.3921
64.7651
11.7289
77.5606
62.0864
27.7407
90.197
38.2529
8.6963
49.0144
123.842
11.1394
94.7102
13.5433
22.7654
72.8127
55.4022
89.4651
73.5141
21.9365
24.4852
62.3664
52.4287
47.0428
112.488
67.9685
43.221
45.0953
42.8489
88.9088
66.2126
36.0968
79.9464
26.5366
52.4153
45.2407
64.448
44.3197
64.7596
57.3475
61.5986
59.7451
29.5952
93.4325
7.28011
29.2762
17.6012
98.0815
83.2926
139.156
33.2655
93.3982
69.8958
27.059
38.5275
53.5937
82.4409
23.2128
116.112
55.2577
22.2728
9.6653
13.3329
36.4898
41.4966
68.1327
42.9344
34.8504
38.9662
20.7569
26.5309
57.9211
42.3548
145.854
80.9937
9.17292
90.5689
69.138
61.7135
29.6615
103.67
64.0533
50.9847
48.499
43.1265
9.16764
24.2277
124.86
50.2403
58.343
53.1202
54.2027
49.2374
81.3891
42.9379
19.0728
107.585
23.7039
28.5585
41.1926
26.9735
21.5044
18.6273
36.0962
47.6886
64.398
37.6207
21.8699
37.9742
65.6
72.2223
165.62
70.2521
26.5469
127.719
45.0086
45.0206
45.1189
110.126
49.5605
10.084
105.608
14.55
28.3448
33.382
23.7046
29.8295
135.693
42.3435
24.238
24.8461
28.428
25.8859
52.9771
39.0775
45.8003
33.1426
49.7683
81.8882
54.3161
52.0246
114.451
31.6684
59.7171
12.7096
28.2121
31.3209
76.0039
40.0789
65.3927
20.83
64.3401
45.2967
37.5655
25.5131
24.4341
58.9472
86.4425
32.5235
104.317
54.5797
64.5078
31.0787
60.0975
47.7142
47.1581
52.0452
57.4866
50.3905
28.203
49.7829
66.7084
13.027
24.0433
17.0283
17.8749
55.8445
40.9584
33.9508
28.7445
30.3059
92.4497
88.6914
58.7364
73.8204
31.4148
32.2903
16.732
57.3365
36.781
81.683
54.1943
74.7534
34.9825
31.5181
53.1805
105.768
40.4059
29.5845
34.9617
58.8919
43.3388
67.0068
19.3253
30.4915
19.592
44.5484
69.6724
26.113
20.5198
33.914
40.7182
52.518
47.5695
15.9762
34.5581
18.1702
36.7273
22.1538
21.7997
27.828
34.4328
85.8236
68.4616
54.309
43.1843
31.165
60.4032
26.9585
26.8773
58.2728
32.4881
9.53705
38.5839
77.6071
23.2289
56.0205
23.0229
18.4568
16.682
51.084
13.3913
26.7374
20.711
54.9348
44.8863
44.6045
59.0585
26.7798
15.6174
34.5157
33.2215
17.9585
33.567
28.3086
101.344
82.7391
40.1241
30.3446
23.365
59.2805
70.7389
66.3542
39.0482
38.5994
70.9337
49.0769
21.2344
19.3921
80.2758
81.3949
57.8634
23.1692
33.979
11.4494
45.5312
25.8312
60.425
34.7259
97.5507
21.0574
27.6373
65.9517
70.1329
18.7193
54.5727
65.4064
62.9437
35.2335
10.7106
24.5109
32.4172
21.5389
46.3394
27.7072
42.4275
31.4967
68.0897
15.2972
42.9079
55.4663
79.2007
14.7287
55.1624
45.4689
43.6212
97.0555
67.6713
56.8432
20.0276
52.5431
55.9916
27.7601
64.5729
23.3782
7.70238
17.179
69.5411
53.4495
77.3222
64.1665
59.6445
49.3283
87.2374
27.5203
62.7643
41.7375
27.3799
84.2808
67.8974
32.6848
81.3925
54.7606
24.6144
55.797
66.5297
53.3894
69.9419
64.8868
34.6345
63.9889
37.7469
40.3036
70.1211
29.9968
61.0809
96.8853
22.83
31.3308
39.671
39.7987
34.9141
63.7388
38.4518
140.755
85.8531
22.447
63.1166
42.5993
35.0875
36.131
17.845
48.7754
34.3874
16.8625
17.9501
25.77
66.7649
116.146
61.6261
95.6798
43.6112
55.6767
37.5666
61.8042
40.9811
32.7416
38.407
29.4141
71.339
39.2339
47.083
22.7024
16.6098
41.8115
44.1284
38.5801
24.3609
76.4578
51.8669
36.7539
71.1211
43.5882
44.1829
14.4082
54.3391
46.7906
66.9575
62.0939
46.9376
94.0531
5.65679
35.7843
58.9529
41.1133
51.9717
18.6236
50.7713
48.6471
61.727
31.5166
34.1787
57.7897
55.8988
19.3362
120.77
34.198
43.0228
39.2287
38.7285
41.1925
74.4298
22.9155
67.2778
42.1061
30.8291
45.3185
59.8335
59.8101
89.9478
59.1129
55.0305
26.3747
15.3672
42.3277
20.1125
47.9568
67.5524
44.7279
111.1
53.0032
50.6623
117.237
48.2997
61.5011
32.2334
44.6393
26.7903
45.3318
16.1738
39.3983
22.7074
48.1289
74.5401
39.9759
18.2575
45.3326
44.9805
7.02
36.2019
51.5665
57.5126
80.1997
55.7441
31.6198
119.32
32.0724
66.3202
43.7366
52.6643
37.9797
50.6183
45.3466
31.158
18.5165
66.6572
49.1573
39.243
42.7556
91.922
109.305
47.7566
45.3643
43.6854
21.9225
95.1668
17.6818
39.8525
25.9663
89.716
43.6746
66.3343
73.4052
26.514
17.6817
28.2361
41.1909
23.7127
37.1758
46.834
53.519
57.6512
25.6009
36.715
69.0821
70.8712
14.8063
41.2345
40.0292
54.9064
8.70352
31.4403
16.039
33.9629
29.4313
30.151
74.1315
46.8374
8.61652
35.9346
38.2408
18.9838
13.0773
36.9968
28.7758
45.917
133.608
31.4591
78.1237
32.3387
20.6731
58.3803
52.3704
34.6219
77.9016
57.6147
27.8485
123.586
10.4528
24.2982
71.3367
34.1619
61.7545
76.67
85.2257
60.0383
73.6466
44.7705
90.6538
73.0503
34.3749
32.0772
135.73
43.6078
29.2058
58.7514
43.3704
18.0142
36.1757
39.9457
19.4298
73.5041
70.4711
23.3581
11.8076
48.6721
26.9516
40.5121
64.7284
16.9501
53.188
53.6861
129.713
95.3693
40.3288
44.5516
59.021
10.3284
74.8162
30.4652
45.2318
8.08937
59.0362
55.0872
48.6279
38.55
38.548
19.9956
37.6882
13.8863
25.4782
37.8383
14.2721
37.9975
55.1912
101.19
37.6585
84.2381
31.3083
34.3262
55.8509
48.1682
42.5348
60.6592
73.0246
8.34421
62.0375
40.6808
44.3928
9.74106
107.395
42.8959
27.1623
93.9698
41.1654
91.9252
85.7089
34.8515
77.8458
129.24
36.045
79.3976
34.6511
29.0299
41.3587
64.9976
45.5139
40.4044
83.8746
31.8923
24.6929
14.8235
24.1117
36.1525
47.0936
80.2442
9.17765
58.0482
85.0238
27.3203
45.4996
63.3875
59.7752
59.012
27.1564
24.9994
32.1343
91.1826
25.69
52.6041
48.7959
34.775
20.9167
68.0987
37.6848
77.2788
40.3046
68.3471
46.3252
26.0922
54.092
54.3121
45.1906
58.4999
41.3218
45.2467
40.2045
15.7538
71.2341
69.0326
75.3399
20.9913
21.5872
72.0512
25.0834
44.7972
56.0406
79.7265
21.1091
58.8491
21.5246
55.9931
59.5087
49.9867
18.7905
54.8332
76.3537
27.7213
26.9318
32.3137
60.233
53.5261
36.0507
13.423
56.5195
25.5628
43.6248
43.9795
48.8784
33.3302
52.8317
66.3321
87.6508
99.2755
54.8694
43.92
15.5927
36.5937
49.5917
95.3514
59.8517
63.7576
43.1765
24.9432
48.4322
27.8967
36.0358
67.6279
62.6906
36.5265
43.5534
28.5253
65.7548
39.0858
78.9182
51.2271
18.9874
40.5598
66.5183
90.3452
43.6911
52.3107
35.3016
15.6604
52.4218
45.5196
51.7358
41.0922
40.949
19.6773
15.248
28.4782
24.3189
17.1485
75.9486
41.8488
53.6072
99.7134
79.8239
105.71
56.2302
16.8295
57.4486
26.4724
53.3739
23.7432
20.919
27.4413
65.1538
49.6672
45.7154
46.7945
33.0229
132.123
34.841
48.8415
18.2451
27.2578
21.3438
30.3465
49.5117
24.6753
63.6994
17.3397
53.6648
36.5571
50.296
49.9904
92.6859
35.5587
24.1401
32.9774
42.5496
25.0279
18.7677
71.2473
41.178
58.589
87.8921
82.6738
49.1921
35.1526
9.83133
49.334
30.3917
43.3571
54.6737
29.1912
11.7367
26.2751
91.4918
26.5988
17.5862
55.9706
61.2911
41.0499
45.9773
94.2426
59.4322
75.0585
10.2225
38.7846
51.3946
100.024
20.7993
49.2536
28.7631
65.6146
64.4242
37.4793
63.7014
26.1928
38.633
23.4369
25.3462
78.9145
18.7834
31.8113
29.3619
16.362
20.1989
96.0031
15.1946
33.0285
5.74858
66.7022
53.9036
65.1061
55.479
91.0306
22.8866
14.8469
45.0167
23.0555
106.787
7.7265
126.263
45.725
41.5171
37.2123
70.8116
22.3421
78.7146
55.1765
73.9018
16.5003
16.0029
41.6243
37.4784
48.2406
19.1673
59.2004
20.4673
39.9689
23.3309
72.2888
131.244
51.2208
16.8414
81.2926
78.4186
34.3886
49.3058
29.9516
58.4543
35.8526
23.6143
23.4546
37.3603
36.9681
68.4884
65.3483
65.6726
17.3392
38.1953
10.3254
10.6933
58.5358
51.1818
18.5161
41.2126
32.2902
108.063
26.1553
24.1798
55.1269
55.2122
52.9778
90.798
51.3934
40.9313
15.9852
20.4266
132.691
51.9349
60.0315
69.6142
79.5271
20.2342
33.6237
45.4546
32.2322
90.4048
57.3475
85.8689
89.1639
30.1425
35.4286
19.154
29.2339
26.3861
17.7229
34.7093
40.1664
38.8441
70.8369
21.1727
27.3734
51.481
61.2904
18.9803
18.013
28.42
30.9447
41.7902
33.3383
69.4007
103.209
20.0695
83.2941
50.4406
70.2551
39.4458
26.1035
33.3849
10.9131
44.9599
59.5566
21.3431
109.619
45.2046
38.4597
38.8703
42.054
31.0397
17.8467
73.9071
33.7076
120.106
14.3611
49.4772
81.8267
29.0787
26.9061
101.176
21.7088
49.37
37.324
126.924
68.7577
84.9002
110.138
30.2311
80.3588
27.6399
36.0364
48.4373
21.3843
49.6598
51.6219
26.6139
100.385
21.83
105.901
7.4021
57.5417
55.117
27.4361
34.9481
27.8447
110.158
52.7182
82.1465
26.8077
69.6458
55.5877
79.2824
43.5999
68.1874
20.2528
59.2566
30.0014
30.7659
41.4471
86.1789
46.4346
83.6711
33.9919
29.4751
44.0604
64.8518
54.3324
51.2287
31.9945
34.9364
22.3568
29.8559
13.8115
19.0157
16.5513
62.6965
63.8912
30.1572
42.1453
38.5776
46.581
57.8389
49.8445
36.3571
16.8492
36.2865
35.9817
20.8837
35.9278
39.2345
54.6845
51.7335
80.864
49.617
86.9525
80.0917
61.7056
18.072
73.1896
65.8749
37.3172
13.0318
106.905
29.8722
17.7442
40.8208
58.0196
24.8246
35.7791
45.1249
85.4504
127.96
29.7269
14.9263
29.6644
62.0949
156.398
151.268
95.2483
18.4626
59.576
40.0387
28.6915
17.1677
15.1871
62.4384
28.9319
28.3361
67.3246
57.1372
42.4147
48.2963
53.1514
42.984
89.8132
80.7044
19.8322
76.6888
45.6747
51.8267
39.658
35.0413
26.7204
43.232
31.143
67.2473
20.1262
55.9689
51.3756
11.4135
69.8154
18.8026
59.713
62.2319
50.5546
69.4343
35.9154
79.041
19.8211
87.2355
26.6339
87.4549
28.5175
124.281
83.4532
20.1488
46.3919
54.3059
30.019
36.0526
33.4171
70.7343
32.8833
32.4428
15.6601
36.8055
47.7913
47.3774
47.4808
41.9114
74.6232
64.4432
36.8873
26.7989
44.2049
34.5489
8.84419
37.1381
33.1697
48.9058
18.5069
74.9585
54.6301
85.2327
17.5082
16.7456
40.2066
58.8375
55.9335
66.2723
49.2381
34.6715
84.1223
48.359
23.7568
49.3116
58.6867
30.3138
95.6497
21.3845
89.333
66.1873
104.598
104.136
26.2661
33.811
45.5591
25.0059
26.1593
51.6856
55.1985
63.8672
53.5454
85.5316
32.04
22.5558
21.4816
57.1228
9.42473
52.3013
30.3857
47.5764
52.7207
37.4834
65.7769
17.438
34.9578
45.6643
34.8513
54.6714
11.1561
83.0461
93.1545
62.6893
19.0815
30.7994
32.8701
28.6245
27.4955
78.394
55.0556
39.3067
48.8388
17.652
67.078
32.1569
47.0273
26.8536
14.6058
36.5595
41.4357
37.2733
22.0793
122.025
93.8238
37.7063
36.944
39.7106
43.8375
31.7324
69.7367
94.3261
22.9043
46.2199
31.1737
65.8496
34.0933
92.8414
78.9778
45.5729
45.9884
96.4427
16.4468
37.0384
60.4654
19.2945
64.0358
28.1972
23.3056
41.5459
25.1188
41.0074
124.605
31.0069
35.8339
55.1455
82.8782
31.158
34.4101
33.4625
37.3248
72.4597
17.2031
22.9333
61.7427
44.6612
8.16149
121.832
89.8384
64.0745
43.9095
62.0977
72.2956
31.1086
28.9522
62.6144
13.7871
81.3302
46.4821
45.515
54.2565
43.5466
50.9056
20.4675
43.923
52.5566
36.8371
42.8947
34.667
29.822
22.1602
68.229
54.1659
77.598
16.4653
37.4127
38.9739
58.2353
30.0608
41.0695
33.6769
28.6132
19.9644
36.0417
15.0715
55.0586
82.6769
33.7747
90.3323
15.9944
22.1538
43.3632
10.2939
108.909
66.5388
36.9871
39.4603
25.4207
30.5002
41.8989
54.5935
63.7614
24.5471
25.9194
35.0346
46.2142
31.374
30.9292
38.0769
55.9793
45.5722
45.925
31.7808
52.2779
28.3265
48.1621
32.1852
48.6117
13.8857
17.0618
48.7252
28.3066
64.1467
49.5943
29.5144
46.434
35.3806
34.6602
38.0006
22.1763
46.6967
111.825
53.0184
45.3074
30.194
33.0133
42.5054
89.8771
43.7488
42.676
61.0409
29.7106
51.0291
64.4761
83.122
33.1693
20.9918
40.401
38.4044
11.9791
22.0693
30.1546
44.0302
34.3082
80.4789
79.4843
14.128
38.5046
34.6273
30.4614
99.3755
16.0914
47.3641
29.5145
28.2662
41.809
15.9691
46.1027
53.377
66.4708
47.2109
95.9296
85.3685
53.2265
9.23461
57.4739
47.8678
42.642
26.1479
53.2782
57.4173
58.6064
103.024
37.9119
40.173
49.8459
54.1136
36.934
66.6131
59.5145
49.833
26.8987
11.2803
54.3433
51.0418
107.384
38.8993
52.7131
79.923
25.7317
39.8997
127.896
18.9596
60.3967
48.0782
46.1578
76.466
45.2463
10.2611
5.39543
105.135
41.4033
27.4149
37.5608
64.5794
9.6504
29.1558
15.5677
29.3813
35.7602
29.3413
49.6689
57.3399
38.725
74.2099
29.9528
43.999
22.7754
46.4979
33.7437
94.4922
31.5775
11.4833
49.2601
62.3701
40.919
26.5624
5.58088
82.3606
34.8039
42.8573
73.6319
30.284
44.9389
10.152
50.6113
50.6392
46.372
12.7079
59.2903
18.584
22.4866
25.3977
87.5673
43.0103
24.1077
50.1701
50.2168
53.9158
110.06
52.703
11.5783
52.9163
28.1044
56.5516
49.2951
73.0429
69.8192
8.93553
31.7935
29.9123
47.6434
51.8263
29.8841
22.5662
30.5595
56.5886
28.9764
52.1319
43.0301
22.2808
46.4591
80.9076
24.8488
28.9865
50.0006
30.5256
72.6283
18.974
17.3567
12.9196
15.0098
54.1275
89.3754
47.9032
59.8853
59.9845
100.742
65.9758
80.2854
102.776
20.1079
68.3756
6.54055
11.8662
41.0616
59.7092
83.5475
18.8701
15.1788
13.693
13.1098
7.22732
40.86
58.5586
89.2545
28.6363
27.1273
18.1363
31.8571
50.2756
49.3943
101.122
28.7165
82.4088
116.786
70.459
12.5868
24.7709
53.4214
42.4424
40.9458
37.9652
31.0898
26.7909
19.8246
41.3161
73.4198
53.5963
76.434
90.7098
51.6835
110.196
55.6889
37.329
20.6437
47.577
49.6673
24.3279
20.7629
52.3316
58.0754
80.5119
24.2048
95.6292
40.7713
37.6928
73.634
101.198
138.577
126.332
55.6493
42.5498
32.0565
34.2193
13.7312
49.5787
98.7807
48.2529
48.8602
20.6548
53.332
28.0714
40.5292
11.3155
44.7901
67.5171
102.897
63.7121
57.7047
47.9647
61.9088
72.3539
99.337
61.2609
106.38
4.27151
43.9642
80.364
70.5079
20.5115
77.8238
29.3215
54.9421
57.7834
51.1598
28.7865
57.723
26.8611
22.2445
38.957
27.626
49.3564
71.6975
66.4726
44.9482
62.7094
35.4876
42.6118
27.9727
34.3195
77.0334
83.3767
26.3842
47.8259
48.1219
33.377
22.6461
76.5943
20.5112
40.4028
25.7715
33.6818
58.8207
10.0448
124.04
66.0838
107.565
47.9577
39.5656
13.9051
13.0104
40.078
17.2969
25.3693
68.634
35.7785
65.6848
43.5829
17.6451
42.5586
41.8561
18.6681
21.1048
37.8357
54.113
113.887
15.8754
45.9629
34.419
81.3142
31.6772
50.1868
44.7342
46.063
25.9818
48.8216
84.5198
40.1862
105.672
93.993
18.6611
45.5796
19.627
12.8975
43.7143
58.5315
18.8923
48.9305
39.6068
37.7024
11.6413
54.4666
98.2894
47.7607
29.5884
59.4798
35.7993
36.2569
19.7791
91.4201
85.3944
24.4864
52.251
34.6246
26.5772
63.0606
38.6317
33.0714
32.397
13.8635
50.5557
50.5689
96.3462
49.492
7.4143
35.8266
14.1447
53.1342
34.6172
84.8677
66.4951
23.4284
57.9469
49.292
27.1398
49.477
47.3956
22.1615
111.676
90.9475
57.1524
48.1385
66.4075
140.588
15.124
47.2304
45.1462
32.1529
25.9123
72.2847
55.8824
58.7577
20.6031
98.7641
98.2449
36.737
13.734
47.5369
54.4999
71.0851
47.7191
76.7453
84.2435
9.61256
12.6726
92.5597
27.3403
62.4539
31.9578
92.3759
40.734
19.4262
55.6771
23.5202
40.9771
34.2882
63.2853
31.3632
50.4427
34.3963
81.2277
78.7048
19.8047
19.2239
129.045
84.233
39.7232
53.8585
35.9698
26.8934
49.1707
57.3777
57.0484
47.6028
62.0449
71.0734
102.156
62.8934
7.71376
37.9548
47.6858
23.0283
113.999
28.4184
48.5552
23.829
45.7619
32.0721
19.8897
52.3296
15.2328
40.3034
51.7163
60.0645
40.5087
63.3548
55.7752
31.9164
37.0618
83.5716
67.8386
50.3525
65.4357
27.3986
62.2536
60.8709
36.626
38.0424
15.9062
34.8609
43.0888
69.2054
22.2949
33.0747
17.7559
7.28072
34.1129
62.5211
56.9533
42.8347
18.5595
42.4376
62.6324
33.6972
23.2799
27.2715
77.6579
25.1923
53.2957
60.7063
31.3404
49.2623
53.6593
31.2069
15.0364
29.1802
63.0313
20.8967
79.8769
53.7831
2.8012
9.65886
83.6682
14.0849
44.337
86.8171
76.3686
97.2208
63.2553
16.2863
74.7419
64.7159
87.7071
44.5052
35.9798
55.1671
87.7672
17.5828
64.3673
26.05
63.9535
42.2432
78.6451
20.4159
82.8417
46.8721
78.3282
54.0978
18.1995
74.701
29.7556
102.27
45.2728
13.0998
18.4049
55.5466
28.3051
14.1469
73.2759
49.6267
35.0458
41.7125
47.6776
34.668
39.7948
62.9325
19.3001
37.1918
42.8174
54.0825
88.1078
33.667
57.9691
80.0787
90.2785
32.7265
56.6935
94.0331
98.5325
38.9118
27.1489
97.2904
75.4864
83.4353
44.9045
14.8991
39.6434
89.0244
59.1348
60.8064
30.1109
36.6544
87.0563
46.5294
24.1556
17.3938
120.088
79.9419
77.5933
23.2769
82.0912
28.1091
24.9564
72.4282
53.8778
82.4734
27.6695
52.4166
79.5689
63.7134
87.1419
96.1101
60.0391
13.1474
28.1192
27.1453
48.4767
41.376
110.066
67.3264
133.511
76.0008
62.5175
45.4739
35.8284
52.1351
11.3458
44.4212
30.359
46.2094
29.9646
25.5784
58.4482
37.8773
17.7704
62.2996
89.0011
57.522
50.1338
23.122
3.30353
34.266
73.6851
41.0686
15.2202
63.0134
8.91586
27.3341
20.4834
63.4669
72.6822
30.8933
84.2683
63.3178
26.5662
17.435
27.1801
50.1016
45.8256
31.6587
65.169
52.0202
77.5119
18.5295
100.973
43.6109
40.8092
51.8584
73.706
31.2907
87.9426
34.6252
112.467
24.2727
128.315
26.0915
16.6324
123.357
15.6879
21.6294
73.7315
81.3808
10.4061
64.3633
35.4252
26.0538
83.547
87.9571
46.8349
21.5349
12.6046
17.2536
28.7568
37.3204
45.9603
37.1336
106.28
55.3061
42.7781
58.6266
25.2172
26.8797
35.2526
50.9623
50.0858
23.5641
45.3015
27.3494
50.0499
17.6031
56.1727
51.6568
56.7416
36.723
31.264
33.332
23.2848
52.2958
98.3993
112.571
36.9566
52.016
76.9889
46.7182
23.7103
16.175
26.1666
31.8609
127.469
45.1647
61.787
30.123
25.8302
35.5617
122.927
30.3061
70.1914
66.866
44.5284
91.6433
51.7333
40.6546
54.0727
58.4525
11.021
133.345
29.354
94.0244
49.7857
22.682
56.661
15.2456
20.4215
27.5994
42.7272
69.8426
73.7417
93.7485
36.8089
47.1046
48.4151
89.6712
11.678
9.87944
60.4341
22.1593
29.2577
36.0893
66.3284
25.413
27.8886
50.1077
71.0003
42.4837
25.6016
53.2464
36.4328
74.8928
33.2754
45.6968
82.4286
63.4938
27.0752
98.7211
48.0716
17.4247
46.7175
28.1172
10.6856
17.5375
13.0679
44.2788
81.3459
57.6626
48.0107
74.4017
53.8804
82.5293
30.191
38.712
28.7245
17.6964
24.0048
111.242
15.0581
36.8684
16.0801
69.4572
59.6432
22.8668
32.2072
28.1775
74.8238
81.303
68.4526
33.6156
74.492
26.7199
51.6228
82.011
36.0517
24.3813
116.017
39.4032
91.3647
63.3585
38.2465
75.1712
71.3829
44.2554
24.4901
79.3613
14.4081
61.5713
33.3905
13.0561
52.4461
82.5223
26.6703
53.12
42.6421
95.4633
34.0245
36.5865
18.0021
88.3255
16.0289
51.9725
70.3708
30.455
52.1074
41.1905
37.9103
70.0956
43.8343
71.7514
23.3864
31.4337
39.2806
18.0936
25.1173
28.9386
21.2847
72.393
43.368
61.7429
58.2866
22.2419
13.8085
120.26
98.3605
47.5754
41.4395
21.8716
66.3383
67.5665
29.9196
35.3844
21.9723
96.4356
25.3909
88.8157
44.776
23.2101
36.579
17.1757
37.1453
50.1691
46.6363
45.9276
45.66
26.0291
45.9768
30.0739
49.0431
114.583
26.4652
60.4875
46.8027
18.8401
46.3464
46.2741
48.2639
16.3826
44.0397
18.6728
34.6401
33.2335
28.1936
46.297
67.674
53.3003
57.1866
25.6516
76.5172
27.0387
40.144
53.7755
29.5439
10.2031
53.756
38.5398
17.753
36.6228
42.5779
78.2009
33.5527
46.5736
69.8714
28.4106
37.3257
60.8907
24.222
15.9376
41.943
20.0094
49.724
20.0721
43.404
31.3697
33.1908
1.72219
55.0242
70.9777
60.9699
33.2196
57.2802
48.0609
37.1524
38.0875
25.6917
101.355
28.136
41.7408
15.5512
79.6211
35.2109
78.3181
25.0365
31.3869
14.6552
82.2091
43.9509
11.1687
86.7144
20.3067
55.9392
98.8527
82.4581
47.0935
69.1799
48.9547
61.082
95.2941
61.7988
65.077
53.9866
61.5308
28.0753
37.9596
27.5424
24.1344
52.351
62.5253
88.8498
45.0151
22.3246
35.1203
19.9351
35.6502
37.0242
71.6197
82.5988
61.927
23.0095
17.783
34.3083
33.148
29.2048
68.5578
116.452
84.2094
55.9375
14.4044
70.6148
50.299
14.1413
74.4598
51.1101
82.6748
16.5424
71.4364
19.387
16.7579
39.5634
61.7859
71.8278
23.4526
42.5946
69.5467
70.866
50.698
45.2642
20.3861
29.5291
80.4606
68.9095
54.866
114.196
29.3816
33.8806
52.4848
50.7242
42.8874
19.9299
47.0393
40.0287
33.9591
20.8668
16.5047
130.037
71.5711
26.852
28.4955
100.805
70.0761
20.5922
49.9754
16.9601
78.7924
33.9661
85.0937
42.043
45.5883
55.3236
50.6307
75.6357
27.6702
34.9855
45.032
72.2345
45.9177
75.5649
73.1459
25.6643
14.651
67.8375
30.1809
37.9561
31.7559
46.5494
16.5823
44.8842
63.6148
32.5225
63.8496
64.3317
40.5369
86.2369
31.9982
63.1462
36.4519
26.8702
45.5503
68.5793
47.9778
55.2312
40.2927
25.5733
25.2091
19.617
53.6627
42.2484
92.1242
45.5489
33.0909
63.9735
58.2405
47.3913
32.6782
84.4581
41.7298
33.0917
38.4733
87.7009
29.1651
61.9997
49.2775
37.4558
83.7716
30.0869
32.9908
22.8193
24.1555
81.2696
9.23741
75.0675
77.3184
55.2418
49.5924
51.7747
56.699
42.2789
46.6951
32.7519
68.8405
29.4953
87.0157
36.7476
19.9512
15.9562
59.1596
50.3483
40.7236
39.901
39.4325
29.794
60.2978
15.3065
36.9945
82.8565
54.5565
42.2802
73.7039
66.4888
101.142
54.6441
87.5737
20.2286
51.0521
92.6618
57.6173
36.3018
26.9548
87.909
85.3535
31.4271
41.704
9.0096
35.1822
76.5928
53.6486
74.0766
12.1214
60.0307
55.1775
59.8286
66.0764
81.7875
40.1144
91.222
54.1258
37.6799
37.841
79.0937
40.6752
97.8689
17.7488
35.8978
29.1408
27.8455
9.16303
63.8935
29.697
37.9475
33.0388
31.824
18.3908
77.3791
50.7402
39.1206
50.6569
137.704
57.5009
44.3603
7.09183
76.7942
31.7166
113.378
52.4371
14.5939
25.7173
58.6267
36.374
46.0122
18.9719
83.176
45.1166
74.8804
42.1261
58.52
78.0593
36.7214
68.3012
26.7635
38.8534
33.6395
70.769
54.7891
63.8872
56.2282
68.0369
45.5685
31.3503
30.4219
87.3779
60.4995
44.6527
54.5263
64.3908
71.5246
75.0525
39.8664
68.7075
120.982
14.8621
50.2313
22.5581
9.36496
15.7673
12.6292
31.7313
51.2298
53.5405
16.2358
21.3488
52.5458
16.2535
56.6197
30.4344
31.6814
61.8916
53.0659
14.3696
36.8061
23.2222
55.988
69.8968
87.6001
11.085
28.9986
49.7539
47.5463
65.4165
52.0125
27.4158
42.9449
53.7353
94.9547
31.8261
60.3649
17.1445
35.4033
61.9075
49.7312
58.6503
40.9943
44.1628
64.4003
62.3534
13.6539
91.7494
56.2276
69.4673
41.4362
64.8849
94.2642
72.7522
25.0233
58.2226
48.286
78.7932
34.1319
41.5188
76.2543
41.216
44.8414
71.1471
91.1054
55.1867
22.2895
21.2443
81.0146
43.032
28.5761
32.648
20.1209
21.9602
16.7058
35.3762
66.8125
25.8587
36.5546
70.8573
58.5822
27.6477
28.1015
66.4759
110.173
56.8496
27.7271
80.3734
42.556
64.7563
86.8348
49.7447
64.5943
101.724
50.7807
8.24884
67.6361
74.9212
39.8438
53.1695
24.4568
76.3691
81.848
55.569
13.7304
66.3299
49.2477
39.332
44.1838
23.9862
73.4207
75.0091
42.9797
21.0315
36.6815
58.8491
56.559
15.6748
16.824
20.5063
18.8699
108.445
43.6355
12.0867
13.5548
68.5846
49.6233
27.1169
83.1808
36.4681
44.6505
23.5671
27.5695
67.2754
55.2658
59.1619
29.5194
76.3492
28.4361
41.7547
11.9133
34.2621
62.8715
42.9999
36.3619
29.2925
16.9324
13.7187
39.7036
66.0805
49.3862
16.3112
83.1004
62.9131
32.9031
35.7489
28.4795
72.5013
58.5806
46.035
52.9459
50.3524
65.5203
101.846
34.7767
14.5859
30.6742
50.5314
53.8851
26.5858
22.218
7.02641
34.6638
14.3057
50.264
24.7517
23.4163
40.8809
31.674
49.995
13.833
15.2073
81.926
53.2801
69.9461
58.7482
26.0308
34.4148
60.7581
24.8873
103.712
19.8615
35.1027
12.6724
31.1506
40.4948
43.2815
65.3709
54.6282
86.6304
36.0258
49.6131
11.808
37.9462
113.931
82.7563
105.69
20.9025
113.178
62.0175
38.7869
54.1982
58.5048
10.9522
41.4505
33.9183
42.4217
80.937
74.5573
94.7292
14.2848
59.7832
53.501
64.8747
37.9918
66.7289
33.0522
25.8122
82.4094
42.9276
16.9768
55.9551
18.2168
37.8548
34.8845
38.3369
54.1393
94.2632
38.2444
26.7779
44.1702
45.4269
18.7411
68.6912
57.4203
51.1307
59.1031
67.2868
52.1618
26.9377
27.4298
73.2381
58.5179
103.764
15.5513
61.592
54.8031
48.2885
79.8629
36.0155
85.6798
31.5312
109.399
35.4713
67.5383
113.268
47.7072
20.0204
47.1771
34.7346
26.8283
27.3591
45.9927
51.7162
70.1874
10.9257
49.3199
45.5695
70.3161
38.6949
41.7525
13.7372
22.8487
24.9722
38.6831
63.0581
46.6641
26.4057
61.244
48.6239
49.7864
28.0182
56.9754
84.733
50.5479
28.024
51.8448
104.892
37.4976
59.084
39.2685
70.7636
28.5809
23.5619
11.1364
65.1901
29.6287
90.7484
45.673
45.1849
29.0821
44.9912
56.2521
85.2455
24.3181
43.1392
50.1819
45.056
29.9182
21.7101
37.8997
78.4445
37.5484
25.4088
12.5866
36.6811
31.1462
69.3878
24.6802
54.5135
9.25297
51.5867
81.3528
55.3162
29.4109
33.0852
6.8183
41.0963
75.2763
88.0171
14.8505
73.7726
56.7844
110.897
21.469
118.036
28.1701
61.8237
22.3306
24.3669
27.1802
19.3573
16.7128
52.7979
42.9522
10.1192
30.8581
32.2343
72.9741
13.1396
26.881
44.8989
16.6062
33.8991
24.8921
16.5909
101.723
35.3091
13.0352
72.2024
71.8542
52.0879
12.3923
48.3878
49.1254
6.52603
66.3114
41.7424
94.6972
40.5136
63.6179
71.0942
56.1508
23.0614
27.7481
64.4916
34.3058
93.0909
36.5159
36.0819
58.1588
33.7235
116.853
50.9056
52.4748
18.6179
62.0952
34.5617
44.9132
44.0669
40.3084
45.7886
41.099
67.6518
49.4369
35.8259
80.0344
49.7356
61.2451
20.3623
55.2522
24.1578
27.2343
73.9423
36.6668
83.785
37.6044
38.8995
39.221
44.7514
52.4854
59.8017
66.5749
38.1181
106.629
56.7702
19.9487
19.6403
24.6785
47.3627
50.3085
34.0489
38.6356
54.46
89.3236
39.6245
61.7556
56.1248
59.5936
89.5193
7.82278
37.9872
82.6953
77.8992
29.694
37.9223
74.2688
58.4416
50.2424
85.7386
54.0777
34.3159
122.907
57.5986
27.5743
16.3643
51.7233
66.8094
79.1633
122.593
17.6051
56.5951
47.3107
15.1831
75.1249
10.8765
38.4295
96.1948
33.4962
14.2494
31.349
94.0882
32.5982
51.6447
75.3074
33.1507
41.8968
20.1809
64.0062
48.5681
53.0373
24.9615
67.0927
33.3491
14.7677
28.8663
54.6722
26.2378
56.1292
77.3109
39.2818
59.1212
30.9154
27.6919
87.8475
16.4498
47.4771
34.4125
53.5759
27.3078
55.3183
51.1892
79.8347
61.8282
11.1639
56.2213
64.4508
89.2803
28.0809
27.73
64.6909
66.8321
83.2398
90.1172
40.975
26.2895
48.9725
12.8173
51.8692
18.7987
28.9173
48.94
85.413
37.4454
53.7065
50.8482
72.5234
26.5846
47.1653
13.4574
31.4954
73.6366
21.6641
15.5613
55.4134
39.8163
38.8134
21.5217
20.8114
36.3872
23.8557
100.132
48.278
72.3125
23.1355
52.736
38.1733
67.0035
23.1199
99.9488
44.0454
19.5387
18.2641
53.6005
49.9778
60.0312
56.86
64.0593
26.2033
40.7575
35.3347
30.418
42.1183
56.2739
66.4188
37.6039
43.3433
46.0144
45.8631
77.7248
20.5351
54.7926
44.2506
51.0604
91.1725
122.508
43.9698
55.606
56.956
18.8093
15.3408
32.7808
27.3978
52.5777
128.343
43.5693
70.7421
40.8026
75.974
31.9114
39.7876
39.9784
51.876
54.4623
101.505
86.1911
14.0118
55.4907
41.0835
55.0937
38.7211
37.6211
40.0169
78.1973
24.9605
33.4122
42.027
43.4979
94.9313
13.8687
38.4968
14.4645
44.6184
53.2938
14.0732
16.134
68.1948
60.898
36.0751
112.363
75.7004
49.8431
38.2564
24.2292
27.5257
32.4837
57.7212
51.6093
79.3816
24.487
41.0362
41.9178
37.6776
39.0123
53.6944
14.5834
89.6757
52.2565
48.4783
52.0877
15.691
67.2604
40.0379
27.5339
84.0054
35.9056
40.6248
25.4506
144.743
54.5318
40.1222
52.3275
38.9999
47.7075
29.3809
20.5778
22.2745
49.7356
9.98078
42.6565
38.955
52.7481
43.3415
136.668
33.6276
50.6982
10.1662
10.8492
37.2508
54.411
59.5067
56.2984
22.26
38.7788
50.5932
60.1144
30.03
30.1879
43.4532
58.4407
31.265
46.8701
23.5786
170.28
23.3229
38.7078
46.3654
50.5019
79.9166
93.7819
32.431
49.0534
11.5255
67.5999
20.0668
40.1149
31.6728
10.5129
31.2851
47.6372
51.9955
145.357
71.6868
54.7025
54.0843
94.253
53.2385
7.63453
37.9872
40.9644
23.4528
39.1283
37.9813
72.3028
35.1127
28.3104
79.2364
11.5227
31.7431
27.4118
28.4373
89.0891
53.0227
58.1069
20.1722
66.6184
41.4541
43.0125
98.8195
73.682
52.395
31.2897
80.8878
37.9876
33.5644
41.7769
58.139
62.5307
48.6136
116.114
41.2849
75.2485
94.05
28.7213
70.8861
23.8073
69.7641
53.308
44.5938
48.7124
59.8768
33.9304
59.1718
32.9821
27.3967
88.25
35.3147
29.6788
46.5581
36.5876
40.7114
45.8244
37.4124
56.8596
93.4797
115.044
100.147
67.9706
38.1903
72.7739
28.7338
101.589
39.1313
90.3082
36.111
18.289
29.4589
38.2624
46.5325
44.9009
51.0076
59.4289
43.723
28.8134
20.7947
50.395
24.5622
51.9992
14.4741
61.3737
61.5747
72.0436
38.3943
42.9644
93.5423
17.949
45.7689
62.0869
37.4843
65.585
48.7364
17.8064
77.6842
20.7453
54.6164
37.2586
25.2383
81.0483
78.7716
111.318
76.2531
26.8917
73.7907
59.1026
64.4174
32.7577
50.4839
77.9745
48.7192
62.6082
44.9053
71.0919
60.1314
30.4317
12.7913
77.3758
90.6886
86.7254
24.2519
37.8044
57.583
28.0028
64.7281
14.9983
73.7915
22.731
57.3076
8.51557
64.9391
20.7918
48.9163
57.6044
52.3342
80.9667
57.2719
22.1435
26.3139
96.5038
15.1105
48.1603
45.1769
108.037
41.9165
54.2253
60.5653
79.2744
53.3521
37.5194
59.0182
46.484
24.7106
29.0682
82.8479
37.7615
43.955
54.069
56.1007
42.6912
143.614
15.239
73.9451
69.286
91.9123
27.7042
43.1836
46.4178
28.6042
22.1806
31.9251
107.201
134.551
116.779
22.5628
54.4236
47.1635
31.7928
13.6023
39.378
77.0793
50.014
38.5671
23.7827
39.916
29.939
52.3598
105.035
30.4314
67.5405
33.5576
48.573
81.1248
19.8078
46.4759
81.2471
51.333
9.71843
98.7478
17.4906
40.7809
42.1596
22.627
84.4234
51.8158
31.9167
75.0302
37.6248
67.9514
43.2299
75.8505
66.2523
69.2085
48.0566
30.1013
10.6147
43.1406
5.8808
30.3809
82.1328
28.9268
42.2524
95.3959
36.3691
25.5759
34.2543
51.7256
106.775
28.5292
50.1427
36.0644
59.8166
51.4493
16.4644
44.3106
52.8131
27.0565
41.5422
111.188
12.3026
93.7746
61.6679
56.7045
16.3797
33.2427
20.7049
42.6521
87.2872
28.6834
100.902
34.3078
36.8431
3.61322
70.7611
48.8037
18.4061
60.3226
24.3246
89.5171
36.9184
9.0255
33.9643
11.9636
17.2993
77.2789
66.7162
44.6117
40.3732
41.558
78.3412
66.1369
57.7868
66.2799
22.3931
47.6672
23.8387
71.1852
55.5996
27.9907
22.5413
84.5468
54.6975
55.6325
41.4511
25.4101
55.7176
85.6469
28.4056
36.4013
23.0048
53.7848
53.7161
81.8513
63.4601
78.8943
11.0363
33.3845
37.8281
41.5972
53.3066
24.4657
27.185
31.6929
37.434
88.9513
20.1857
24.6871
68.2808
45.032
25.5564
33.6782
41.4782
44.5927
25.9528
73.2159
59.3128
35.4149
35.9146
76.3024
43.1842
106.424
49.9263
61.0686
92.6578
141.084
58.5326
68.6688
83.4225
22.2566
32.1591
20.7885
39.2628
40.373
35.1121
50.5153
72.1741
31.664
49.7093
31.9753
30.672
94.388
58.2805
30.2079
36.1453
93.5451
63.1917
34.5311
44.8341
38.8651
61.5665
53.0077
55.3168
73.9919
20.2514
47.7526
46.2112
37.5351
32.7153
167.697
32.5272
55.3203
79.0791
58.6563
18.7629
38.2443
45.2886
25.8473
37.0966
42.2228
20.0055
63.8052
36.975
37.4145
83.3119
29.6903
52.7435
76.3196
105.512
85.5539
30.3251
19.7565
108.825
11.3188
52.0611
68.1499
21.2239
37.9344
29.0533
44.9822
66.3644
17.5488
41.2577
67.3057
41.1303
31.9141
30.8617
11.8658
25.2158
27.2916
32.994
36.0424
104.381
69.0276
48.7229
47.4341
79.8512
27.4401
99.9661
42.0724
26.7337
27.254
67.2625
91.855
18.5864
30.5437
30.4747
43.552
67.0557
64.2229
25.7182
42.7419
60.8358
74.5588
27.1369
29.998
14.7089
74.8323
54.9816
70.5181
19.6686
30.8275
28.2874
56.7431
23.165
26.091
15.1554
62.3321
34.0174
23.5785
45.0186
102.361
31.0599
38.3101
50.2699
46.7613
28.7313
27.1168
81.367
61.084
44.7603
10.2754
25.4894
24.0218
25.8247
35.0576
19.5585
28.7695
26.8374
60.4605
32.6293
52.4971
8.61398
17.1102
30.7553
77.5363
99.8165
37.9591
52.4729
43.2648
45.6872
56.919
38.1759
100.715
26.9015
56.9471
27.8284
7.02929
43.8355
29.1891
31.7945
45.8848
58.5481
53.0506
17.2111
22.9742
83.4673
22.0463
57.6467
50.5837
35.012
23.5061
25.6581
46.6013
55.8273
75.2615
28.3509
66.1585
57.1055
53.5721
19.0697
22.4205
48.544
41.6294
38.8133
47.6537
22.5646
67.8835
85.5711
13.3417
20.9181
17.3611
53.6409
20.637
44.243
71.5366
49.024
97.9762
126.433
43.1098
27.3203
120.466
118.645
55.191
18.963
19.7969
35.7767
86.6105
2.11072
74.7982
19.3539
13.2048
40.8257
5.93409
35.7268
24.6864
36.4173
57.7187
23.8596
66.8031
104.886
64.0841
66.0109
46.6984
58.8341
66.6002
84.3978
105.738
43.5691
26.1686
64.3068
12.6993
44.557
51.4433
36.7855
41.8376
72.1545
42.2535
20.0212
38.4539
32.2376
26.4258
62.3671
24.896
29.1299
25.3879
29.606
71.6964
70.7352
38.1036
32.8081
50.6086
33.0839
20.9836
70.1032
17.5661
25.3175
39.1466
83.9472
28.2733
7.19071
39.1641
16.0609
77.595
103.501
32.0972
27.3559
51.0504
49.4633
25.0118
61.3568
36.9588
50.0313
43.8505
13.855
20.3979
53.8012
34.2311
11.0302
52.1963
11.9185
18.9449
17.0243
60.0165
73.8069
14.8084
62.9435
52.8841
75.2913
69.3785
55.7113
24.462
82.3894
36.5289
12.8591
53.2006
39.9696
69.9442
95.8319
49.5486
26.3429
44.9708
23.1015
45.0182
18.3941
49.4822
49.324
104.358
23.4094
34.0362
57.4834
53.2838
63.3747
58.9281
67.6148
94.7004
111.504
54.7725
40.3804
83.365
34.5908
22.1067
21.5904
63.0378
59.8841
68.298
28.0237
54.2502
40.665
40.5264
47.483
22.884
41.0714
57.1877
141.207
37.8177
68.0332
40.208
95.5784
36.8263
7.79034
57.3833
65.399
36.7326
82.3216
35.9541
58.6786
26.7027
25.0302
64.7081
50.1176
27.3534
40.0942
44.2743
52.4916
18.712
7.65004
65.2673
31.8024
29.3555
41.3015
51.2748
65.9621
100.318
77.587
31.7636
21.5785
25.9676
29.8107
45.5302
55.8619
26.9253
40.3818
63.5409
11.0779
30.1676
72.2845
127.797
24.5527
48.8936
63.2494
82.8004
42.9974
93.899
16.4148
33.3096
27.8779
36.0819
35.7926
54.5929
23.5825
