105.987
102.611
105.416
100.743
103.626
120.797
103.328
103.124
104.192
104.942
102.574
102.437
103.894
104.515
104.233
103.672
103.413
103.543
103.554
103.076
102.778
105.267
105.688
103.467
106.24
101.422
102.636
102.768
103.253
102.495
103.39
103.808
103.395
102.974
103.425
102.526
105.323
106.141
103.259
104.154
102.37
103.365
102.901
103.478
103.276
103.04
103.249
102.934
103.175
104.905
103.033
104.288
108.752
105.228
104.863
104.346
103.036
103.278
103.431
103.891
102.797
103.409
179.974
103.301
103.658
105.018
103.593
103.306
103.668
105.156
103.216
102.691
102.801
102.3
96.7647
107.366
103.103
103.362
103.705
104.843
104.472
103.247
103.301
103.929
103.607
105.284
102.93
104.98
104.035
103.256
104.57
103.537
104.438
103.004
102.923
103.252
102.532
103.524
103.349
102.831
102.816
103.37
105.466
102.722
105.443
87.2972
103.236
102.574
102.095
103.532
103.524
102.636
108.773
102.813
103.475
103.3
104.546
103.495
103.086
103.333
104.381
103.887
104.28
103.281
104.083
104.055
100.366
100.652
102.921
105.046
105.687
88.5616
103.733
103.841
103.329
105.444
105.588
104.504
103.056
102.811
103.316
103.041
103.251
101.824
104.876
104.39
104.435
102.854
103.311
105.165
103.379
104.655
103.172
103.065
105.64
102.859
104.889
102.906
105.002
103.44
103.246
103.588
102.663
104.363
102.93
105.536
103.147
103.06
102.03
105.992
103.168
102.988
103.334
103.313
104.352
104.183
102.903
99.334
103.599
103.552
104.806
102.977
102.187
104.401
101.989
105.011
107.59
105.22
104.66
104.065
102.754
103.632
102.881
103.24
103.449
104.794
103.089
101.815
104.05
107.84
103.662
102.414
105.839
103.182
105.706
103.638
108.314
103.2
103.041
104.335
102.823
104.103
102.627
102.988
102.015
104.526
102.914
103.42
102.53
104.582
85.5205
107.592
103.389
105.549
104.534
104.122
103.346
99.4486
105.179
103.598
102.428
101.811
103.048
103.995
102.932
105.074
104.326
106.188
102.991
103.376
103.206
103.417
103.523
103.695
102.79
102.55
103.183
103.481
103.024
104.477
104.826
102.282
103.414
103.65
101.689
103.586
104.619
103.254
103.988
103.294
104.212
103.473
103.251
103.389
104.452
103.199
103.651
102.968
102.927
104.196
102.529
103.237
103.349
103.682
105.497
103.979
102.563
105.29
104.144
103.526
104.058
102.999
104.197
103.042
105.32
103.861
103.339
103.332
101.842
103.415
105.425
105.457
102.394
103.446
102.226
103.212
104.806
103.462
105.004
103.703
103.498
103.505
103.21
104.698
104.591
103.088
103.856
87.1141
102.396
104.397
104.145
103.783
136.84
105.088
105.165
106.555
103.758
106.175
102.108
104.213
104.971
102.965
104.51
101.733
102.364
103.082
102.783
103.18
102.784
103.356
103.054
103.664
104.524
104.537
101.937
102.71
104.436
105.569
103.033
104.86
105.016
102.808
104.347
103.267
103.324
103.481
103.783
103.965
104.775
102.657
103.005
102.84
103.608
102.164
103.274
105.561
104.866
99.4996
103.721
104.162
102.832
102.584
102.911
105.241
103.482
104.677
103.545
102.987
103.12
102.632
104.423
103.205
104.117
102.83
103.317
104.76
99.9962
104.982
103.676
102.903
105.647
104.251
102.486
103.123
103.701
104.713
104.502
102.769
102.634
104.408
105.482
103.005
103.019
105.066
105.143
103.762
103.117
104.26
102.916
101.976
104.016
102.172
103.692
105.084
103.267
260.547
103.245
102.803
103.12
103.658
103.363
104.622
103.212
104.649
103.625
114.311
103.9
104.913
87.8261
103.726
103.329
103.447
107.126
103.033
103.804
104.317
105.166
107.051
103.429
103.123
103.803
103.632
104.689
102.662
103.346
103.249
103.47
104.132
105.067
100.337
105.403
103.434
105.11
103.159
102.918
104.651
103.832
102.859
12.9151
103.188
104.997
90.129
103.353
101.916
103.249
103.275
102.901
102.869
104.902
103.409
102.184
105.021
102.673
102.902
103.028
102.758
102.944
103.146
103.455
102.494
103.711
103.448
105.079
104.553
103.124
102.949
103.185
102.829
101.977
103.767
103.959
104.762
101.815
101.708
104.521
103.189
103.842
100.71
103.237
103.651
103.085
103.172
103.868
102.983
103.127
104.491
101.921
104.161
104.133
102.98
102.985
103.463
102.166
104.966
103.498
102.481
110.914
103.538
104.083
105.375
93.0313
102.741
103.469
103.345
104.617
104.459
104.179
103.846
102.969
103.058
105.008
103.676
103.413
103.35
102.852
99.3319
60.7094
104.249
102.733
104.861
102.788
103.031
104.323
104.488
102.901
103.427
103.514
104.644
103.855
104.032
104.7
100.179
106.961
102.279
103.463
104.054
104.581
105.706
104.124
104.604
104.77
103.525
103.483
104.523
102.939
102.569
104.076
103.336
103.17
103.879
102.975
105.165
102.846
102.841
103.098
103.258
102.879
104.449
103.227
103.465
103.369
104.457
103.378
104.009
102.775
103.313
102.921
104.928
102.907
103.758
103.602
103.296
101.35
104.651
99.6533
103.458
103.548
103.11
102.472
181.973
103.919
103.829
106.322
98.6652
105.311
102.904
103.439
105.359
102.503
105.609
95.368
105.053
105.202
102.854
103.767
103.032
103.747
104.121
103.734
103.503
103.775
104.824
103.36
107.073
103.052
102.299
105.652
102.679
102.928
105.007
102.578
103.27
104.259
103.202
103.304
105.356
102.116
103.9
103.358
104.796
103
103.36
104.812
103.579
104.84
104.15
105.509
105.599
104.43
103.466
103.381
105.703
104.748
102.552
101.497
102.882
102.997
103.54
104.685
102.932
102.864
103.631
108.405
137.653
102.399
102.287
104.596
103.388
104.1
102.87
142.702
251.929
104.285
102.796
102.36
103.289
105.652
103.595
103.647
104.927
104.019
105.232
104.574
103.928
103.928
104.408
100.546
106.072
104.353
104.089
105.655
103.325
103.426
102.72
102.859
104.117
103.495
134.875
103.218
100.569
104.061
105.268
104.717
105.332
104.17
103.445
102.785
103.699
103.429
100.189
104.716
103.276
105.022
104.293
102.16
104.486
103.414
103.156
105.38
104.889
103.547
103.528
104.668
102.87
103.241
103.472
113.898
101.954
104.552
102.929
106.428
104.901
104.732
101.77
104.198
105.476
105.253
104.801
107.846
102.779
102.174
102.963
104.584
103.318
103.26
105.061
104.649
103.537
104.512
103.172
109.268
103.875
103.462
104.609
103.303
103.609
103.544
103.551
103.102
105.036
104.882
104.925
103.981
105.743
103.137
104.847
103.565
102.47
103.508
103.573
104.497
103.781
103.191
103.952
103.294
105.577
104.11
103.043
103.386
103.406
104.644
103.274
103.798
103.111
101.245
294.887
103.08
104.97
103.268
103.943
103.222
103.478
101.34
104.929
103.789
103.892
103.331
103.241
103.436
103.224
103.083
102.748
104.323
103.489
103.395
104.749
104.588
104.422
105.204
104.203
102.263
103.171
102.937
103.085
103.057
104.325
104.05
104.38
104.297
104.848
103.309
103.089
103.341
103.135
103.571
103.345
104.549
104.58
104.646
103.315
104.453
103.113
101.782
102.984
103.996
103.867
105.505
103.707
104.431
119.259
104.036
102.997
102.823
103.208
105.395
98.9567
103.898
105.325
103.015
101.174
109.522
102.97
105.193
102.93
103.956
103.73
103.069
104.432
104.811
101.692
104.594
102.892
105.773
102.08
104.981
104.886
102.549
105.219
103.082
103.507
104.371
102.816
103.341
104.559
104.899
102.975
103.596
104.318
102.219
104.106
102.954
103.366
102.205
103.481
103.27
103.835
103.33
102.859
102.801
103.157
102.834
106.248
102.285
107.383
102.933
104.897
104.696
103.785
102.556
104.978
104.476
103.695
103.389
106.407
104.482
105.325
103.426
105.107
104.362
103.094
104.988
104.84
102.99
104.009
104.827
102.611
103.611
104.256
102.777
96.9574
107.235
103.296
104.392
103.261
104.515
103.095
105.018
102.819
103.194
102.799
102.965
104.592
106.027
105.793
103.363
121.223
103.442
104.746
104.364
104.462
103.578
105.204
103.994
103.373
103.999
102.876
104.76
103.069
103.189
104.502
102.625
103.9
102.867
103.393
103.292
104.213
103.209
102.719
103.756
105.104
103.179
105.687
103.132
103.142
105.814
105.094
104.23
103.452
103.342
105.017
103.875
104.638
102.623
103.308
105.316
103.287
105.172
102.677
113.996
103.422
104.787
102.881
102.718
103.251
104.757
103.064
104.645
104.617
105.405
103.124
103.782
103.49
104.5
103.034
103.026
102.566
102.739
103.609
104.734
103.826
103.735
103.48
102.978
99.5512
103.827
104.695
106.442
103.664
104.074
103.001
103.535
102.394
100.621
102.46
103.422
104.368
103.023
102.666
104.047
103.24
104.078
104.429
104.728
104.792
104.482
103.232
106.082
102.707
100.635
103.657
105.168
103.328
104.405
104.476
102.328
104.582
104.659
104.228
105.043
102.475
103.596
103.36
103.88
104.894
102.972
104.313
103.653
104.224
103.079
104.029
103.967
101.62
105.07
105.095
111.445
103.433
103.061
102.812
104.142
102.987
105.944
102.915
103.481
103.639
102.772
103.2
102.748
103.657
103.166
104.457
103.142
105.226
102.914
105.088
103.51
103.371
103.176
102.679
104.535
104.926
105.025
116.376
103.284
103.053
104.544
105.449
102.962
102.968
105.03
105.256
105.317
104.676
103.706
102.482
103.213
102.702
104.556
105.28
103.402
101.719
102.931
107.968
102.884
102.4
103.654
103.033
102.664
106.238
103.168
101.608
103.748
117.544
103.949
105.028
103.009
104.265
104.266
102.903
105.273
104.928
103.569
103.138
104.673
103.065
104.999
102.245
104.353
103.084
103.346
103.525
105.038
102.947
104.642
103.916
101.563
102.707
103.235
103.093
103.955
103.472
103.638
102.536
102.838
104.926
104.961
103.473
101.455
104.847
102.467
105.144
103.4
103.448
103.559
103.918
107.458
103.067
102.688
104.625
104.524
104.704
103.643
104.556
103.272
104.398
103.489
102.72
103.021
103.441
103.877
105.621
100.246
102.821
103.326
102.962
103.326
103.545
103.298
103.129
104.091
103.19
103.195
104.701
103.161
103.072
102.945
106.141
103.124
102.854
103.134
104.416
104.744
102.994
104.44
105.141
105.938
104.784
103.711
104.997
102.835
102.961
104.699
105.114
104.898
102.659
103.975
103.504
102.355
104.505
104.589
102.667
103.009
105.202
103.111
103.05
103.661
103.245
105.145
103.057
104.934
102.277
103.408
105.628
102.953
103.717
104.799
102.851
103.968
102.844
104.927
103.228
103.626
104.538
104.14
104.929
102.07
103.48
104.675
104.658
100.353
102.986
102.707
103.286
103.311
102.996
103.194
103.135
105.025
104.031
104.676
103.156
103.106
106.4
105.215
103.298
103.002
102.85
103.272
103.774
102.586
103.104
103.669
105.094
104.199
104.073
103.796
104.134
104.341
103.35
103.198
104.018
101.258
103.021
104.803
105.429
105.736
103.137
103.624
103.425
103.297
101.828
104.513
102.863
103.859
105.316
102.078
98.9743
104.34
104.992
103.815
102.878
102.18
105.803
102.599
104.919
104.304
104.239
103.91
104.767
102.384
104.981
103.114
105.383
103.235
102.752
102.822
103.123
102.943
102.731
102.892
102.59
103.427
104.569
104.314
95.2286
102.169
106.294
102.878
104.806
102.443
103.403
103.596
103.436
102.324
103.387
103.847
103.383
102.499
103.396
104.989
104.8
106.979
103.706
105.564
102.886
103.421
107.235
102.728
102.407
103.021
105.152
103.121
103.736
103.796
104.271
102.697
103.058
103.815
103.614
105.038
103.105
107.091
103.55
106.257
104.119
103.753
104.421
104.506
104.615
104.163
106.875
103.267
102.469
108.056
103.518
103.445
103.307
104.852
119.99
102.527
102.744
103.47
81.8212
128.753
105.726
102.996
104.69
104.633
104.871
103.493
103.309
102.825
103.002
104.474
101.833
221.935
103.291
104.89
103.151
103.185
103.609
104.39
104.338
104.348
103.173
102.87
103.483
104.05
103.897
103.351
105.146
104.827
102.799
103.889
103.273
103.444
104.481
103.103
104.543
102.954
103.437
104.248
101.129
85.4274
103.284
104.366
102.844
104.375
105.48
109.26
104.212
102.271
102.63
102.035
105.037
106.173
103.662
103.792
103.36
102.799
103.427
103.742
103.35
103.378
101.9
103.889
103.396
104.512
103.297
103.35
103.771
102.65
106.549
103.081
103.42
104.687
102.914
104.367
104.89
104.45
102.92
103.584
103.584
104.875
104.799
99.3618
107.196
106.999
104.901
102.877
103.01
105.374
104.398
104.323
102.233
105.562
105.405
101.301
103.36
101.426
105.023
103.091
105.474
103.07
102.784
104.634
94.1723
103.073
102.935
102.84
103.653
102.964
102.518
103.288
100.761
104.016
103.059
104.755
104.219
109.378
104.781
104.904
102.971
101.634
103.43
103.346
103.044
103.5
104.98
105.373
103.149
102.799
103.03
103.052
104.518
103.137
103.465
103.814
102.905
103.076
103.365
103.341
104.034
103.557
104.385
103.346
103.045
103.082
107.014
105.417
102.986
104.809
99.6299
104.005
105.412
103.303
103.735
103.789
105.267
103.833
103.595
103.066
104.034
104.438
105.744
109.71
103.92
104.761
104.408
105.36
102.637
103.888
101.769
104.577
104.139
105.108
103.123
102.842
103.036
105.578
105.139
104.469
103.931
102.42
103.473
104.637
102.768
103.508
103.922
104.634
104.335
104.01
104.18
103.772
104.184
103.847
102.732
104.832
102.91
104.561
103.583
102.588
103.865
103.751
97.5309
103.222
103.315
103.736
103.201
104.632
103.924
103.322
103.173
102.981
103.389
103.462
102.693
103.053
103.329
103.414
103.384
103.248
104.519
103.4
103.429
103.547
102.857
102.893
104.325
102.843
104.774
104.826
103.824
104.416
103.869
104.094
103.601
99.3389
103.494
105.042
102.872
102.584
102.929
102.663
105.113
104.674
103.647
104.225
103.362
103.027
105.045
103.463
104.834
103.627
104.95
103.41
100.637
102.896
105.101
103.355
103.962
102.663
103.048
103.147
102.785
105.282
102.742
103.819
103.141
102.701
101.996
103.217
104.672
102.964
102.554
145.827
105.444
102.864
103.072
102.603
103.264
104.906
103.544
105.187
102.955
102.481
102.792
102.46
102.37
103.835
102.809
102.755
103.237
105.499
104.218
102.365
104.803
103.357
102.999
103.701
104.939
103.442
102.627
103.592
104.947
103.399
103.001
103.062
103.925
107.95
106.657
109.902
103.085
103.417
104.968
105.156
105.329
104.373
102.628
100.386
103.796
103.657
104.301
105.066
102.715
103.937
104.676
102.763
102.197
103.635
112.879
103.417
103.456
106.433
103.067
105.334
104.691
117.124
104.942
100.411
103.612
102.581
104.007
104.061
103.034
102.845
103.787
105.424
102.926
103.802
103.881
104.307
104.85
104.922
102.739
103.18
104.449
104.417
103.312
103.329
102.953
103.204
104.224
105.035
102.585
151.761
103.016
103.691
102.793
103.241
104.844
103.84
104.335
97.78
102.687
102.752
103.684
104.179
102.767
103.476
102.283
103.843
102.252
102.624
102.792
103.617
100.109
103.902
94.2405
103.506
103.686
103.896
102.93
103.41
103.054
104.596
102.839
103.213
101.632
104.945
103.658
103.239
103.216
103.401
103.238
102.776
103.879
102.819
103.463
102.932
105.835
105.276
103.65
102.766
103.274
104.778
101.586
103.671
103.976
103.579
100.395
103.607
103.571
103.928
104.646
104.409
103.498
106.901
105.7
103.752
103.112
103.776
102.248
103.683
105.25
101.106
102.498
102.278
103.37
103.196
105.365
102.768
103.24
103.228
103.421
104.832
105.104
103.33
104.725
102.484
105.177
103.187
103.018
103.998
103.496
104.386
103.147
102.17
102.244
104.12
103.732
103.06
102.676
103.376
102.877
102.672
103.167
103.643
105.229
104.143
104.752
102.647
102.315
102.732
102.654
104.709
110.546
102.604
103.088
103.034
105.007
103.493
103.146
103.596
104.067
99.0378
103.673
104.628
104.304
104.57
104.593
105.092
102.307
117.3
104.868
98.133
104.168
103.382
101.823
102.801
92.3028
104.892
102.834
102.643
108.747
103.327
103.78
103.804
100.907
103.581
103.476
103.37
105.018
102.498
104.499
103.352
103.488
104.106
103.615
104.55
104.723
103.112
103.17
107.658
104.818
101.885
101.79
103.968
200.11
103.455
103.2
102.587
104.392
104.344
103.377
105.017
103.223
104.42
102.887
102.412
104.653
104.602
103.493
102.916
102.755
105.977
102.877
100.193
102.866
102.447
103.201
103
103.252
103.108
104.989
105.348
103.538
104.711
104.528
100.484
105.211
75.0452
103.395
106.102
104.612
103.443
105.2
104.129
102.841
107.227
103.044
103.159
104.959
102.848
104.228
102.849
102.121
103.622
105.183
105.821
104.489
103.195
102.769
103.996
103.158
103.144
102.542
93.2933
105.459
104.23
103.103
98.3572
101.935
102.635
103.262
102.145
103.758
103.278
103.274
103.237
105.086
103.671
105.152
103.566
104.92
102.976
104.075
103.714
105.123
102.318
103.418
105.974
104.33
103.031
102.193
102.529
103.045
102.605
105.333
103.658
103.396
103.687
104.839
102.839
102.752
103.627
104.329
103.497
104.951
104.574
102.801
103.534
103.959
104.613
103.308
103.309
104.806
105.449
103.168
102.711
104.493
103.211
102.976
102.992
114.961
100.087
102.762
102.99
103.902
102.512
103.494
103.592
101.171
103.052
104.641
99.8784
100.414
101.089
102.662
104.765
105.445
102.829
105.057
105.149
103.368
103.348
104.243
103.24
103.443
102.533
105.574
102.385
102.948
103.07
102.395
102.86
103.513
106.044
104.072
105.138
104.366
105.556
103.137
103.766
103.667
104.883
102.982
102.838
103.33
103.335
104.494
104.629
102.495
103.299
105.041
103.305
102.948
102.854
105.196
102.88
104.949
105.695
103.208
108.058
102.635
103.839
105.116
100.744
105.19
103.964
104.392
104.63
104.994
102.854
103.338
104.441
103.04
101.513
103.264
102.805
103.559
101.244
103.795
103.004
103.082
102.666
104.909
103.714
105.369
104.318
102.871
104.086
103.059
104.866
94.7081
104.331
103.473
102.932
102.414
100.313
101.466
103.484
103.79
103.215
102.94
102.479
105.035
94.6582
102.75
104.108
102.62
319.957
105.695
104.784
103.874
102.77
102.93
102.429
104.347
104.34
102.137
104.948
102.845
103.875
102.688
103.061
102.405
102.492
103.909
103.695
105.047
102.679
103.399
105.511
104.213
99.7577
102.989
115.764
101.994
111.015
105.079
106.56
102.62
103.184
103.143
103.159
103.32
105.087
102.798
104.709
103.849
105.12
104.611
105.474
105.081
102.882
103.032
104.574
101.335
104.214
102.95
105.375
102.815
103.257
103.263
104.95
89.7846
103.637
103.426
103.014
104.832
104.553
99.4683
103.86
104.283
102.533
102.765
103.181
103.311
102.999
105.022
104.12
103.698
105.438
105.577
104.108
104.325
103.016
103.14
103.332
102.43
103.74
103.536
111.752
105.146
103.734
103.896
102.936
103.163
103.06
102.556
105.558
102.672
103.135
103.082
105.223
102.142
105.568
102.27
105.107
104.214
105.256
104.053
102.746
103.311
103.448
103.639
103
103.172
108.676
107.002
104.053
97.0469
103.156
102.829
103.779
102.869
103.382
104.112
104.067
102.757
104.166
105.466
105.097
103.163
103.063
102.757
103.48
103.18
79.7467
104.404
103.96
104.555
102.58
105.162
103.387
103.605
105.298
104.011
103.689
103.024
103.205
104.315
104.641
104.837
102.998
102.969
106.734
105.202
104.51
103.078
103.508
105.092
103.192
104.902
102.886
104.42
103.5
102.335
103.38
102.045
104.839
103.864
103.068
102.697
104.308
104.977
104.222
104.619
102.892
100.173
102.905
103.296
103.356
103.301
102.087
102.987
103.036
103.946
103.551
102.843
102.662
97.691
105.378
104.881
91.2355
105.272
100.94
103.136
103.324
118.231
105.022
104.055
105.747
104.314
105.359
103.02
103.01
102.83
103.595
103.098
102.69
102.945
104.579
103.256
104.891
105.006
104.969
102.61
104.875
105.114
103.879
102.482
104.384
103.577
103.156
103.732
102.196
104.77
103.409
102.02
106.242
104.223
105.129
102.753
103.275
104.352
103.984
114.424
105.543
102.963
103.789
105.121
103.603
104.393
104.528
103.186
104.701
103.768
104.822
103.29
104.705
104.814
104.119
104.89
103.283
104.18
105.522
102.4
104.477
103.898
104.31
104.877
101.473
103.153
104.572
105.118
104.185
105.103
104.327
104.593
102.886
103.133
102.782
103.181
104.636
104.688
103.098
105.273
103.94
101.208
103.194
102.174
100.499
104.387
103.444
103.255
104.334
103.44
103.517
105.089
104.487
104.306
104.32
104.19
103.942
102.671
103.599
103.422
105.793
103.976
102.706
103.363
102.926
105.211
99.485
102.779
97.8191
101.987
103.138
102.917
102.933
102.168
102.199
104.003
103.691
103.478
104.126
104.634
103.165
102.9
106.428
104.563
104.358
103.039
103.734
103.187
103.162
105.749
103.468
103.049
103.155
102.933
102.74
104.519
104.005
104.277
104.753
103.783
103.923
103.277
105.087
104.617
104.664
103.385
105.156
103.825
103.378
103.312
103.787
103.107
104.734
102.301
102.882
104.658
104.178
105.808
103.466
106.291
105.144
102.932
103.27
105.195
103.998
104.638
103.036
103.219
103.701
103.783
103.039
103.718
105.141
104.503
103.058
104.237
103.386
103.224
102.682
104.509
103.069
103.858
104.049
103.266
102.94
97.3384
103.578
104.977
102.527
103.239
103.194
103.182
103.211
104.293
105.099
103.479
108.169
100.211
103.106
102.622
103.854
104.029
103.581
103.149
103.103
92.1649
103.991
103.722
103.721
103.108
103.702
102.387
103.441
105.664
103.727
102.298
104.273
102.746
103.162
103.533
104.441
102.769
104.119
104.835
104.681
103.488
102.975
96.5899
103.891
103.246
103.272
104.928
102.865
104.544
103.277
102.145
94.6492
103.709
102.282
103.367
102.921
103.785
103.9
104.046
103.483
103.148
102.914
95.1347
102.053
104.537
105.033
102.899
104.913
103.515
103.645
102.958
102.123
104.711
103.653
105.749
107.935
102.765
104.394
104.434
103.713
100.576
103.655
103.821
94.8659
104.782
103.056
103.228
104.611
103.356
104.084
103.893
103.036
103.166
101.805
104.581
80.1594
104.067
104.238
105.413
102.947
104.837
104.42
103.445
320.296
106.836
103.778
103.026
104.486
104.904
104.614
103.823
105.458
103.205
103.103
103.984
103.488
101.832
103.486
102.955
104.359
102.907
105.175
103.691
103.698
104.813
102.569
102.54
103.536
103.333
104.297
101.505
103.168
103.328
102.011
104.718
103.584
95.5783
105.299
103.56
103.806
104.69
104.004
105.26
103.754
103.528
103.23
104.574
102.934
104.205
105.371
104.616
103.409
103.88
104.864
101.462
105.719
92.8818
101.92
103.102
103.639
104.295
107.176
116.498
105.046
103.014
104.793
102.948
103.044
104.392
105.417
103.137
104.956
103.076
103.207
103.218
104.379
103.189
104.946
104.406
104.896
104.516
104.586
102.561
103.456
103.554
103.051
105.255
104.396
102.561
103.718
104.134
103.21
102.813
103.122
103.415
104.132
102.732
105.564
104.015
106.347
102.121
103.045
102.984
103.372
105.11
103.081
103.594
103.223
108.348
102.862
102.223
103.791
178.306
110.1
103.834
103.276
104.132
104.774
103.405
104.945
103.92
103.472
103.035
105.194
104.294
104.179
102.628
103.998
104.227
102.794
102.475
102.571
102.558
102.303
102.666
101.327
104.562
103.146
103.778
98.0804
102.679
102.89
102.083
104.025
103.835
105.811
109.246
104.637
103.046
102.703
103.241
103.713
104.784
105.145
104.906
103.39
103.782
112.496
103.963
104.964
105.203
102.983
104.392
102.578
105.111
103.179
104.602
104.064
104.456
102.85
103.263
104.668
106.436
103.511
103.19
106.257
105.572
104.296
104.414
103.052
104.203
103.569
102.783
103.363
104.754
104.367
103.433
104.968
103.9
103.8
103.564
103.122
104.561
103.273
103.902
103.606
102.926
102.21
110.405
102.677
103.472
103.41
105.481
102.834
102.737
102.762
103.556
103.66
102.196
103.722
103.32
99.3722
102.984
102.599
102.927
103.206
105.46
103.162
102.476
103.962
105.427
105.566
102.778
104.949
105.941
104.677
102.543
102.802
101.623
102.895
102.878
104.345
104.054
102.983
102.724
105.364
103.374
105.306
102.532
105.855
105.236
102.449
109.128
102.737
103.339
55.6034
102.722
102.88
103.281
106.161
104.873
104.035
103.187
103.294
104.91
103.676
102.916
98.5561
106.102
107.227
103.331
103.319
102.547
104.217
103.79
104.149
103.897
105.964
102.875
103.059
94.6958
103.111
105.714
105.101
103.479
103.384
104.429
104.482
102.656
90.0883
104.373
102.969
102.586
108.87
104.524
103.764
103.213
105.559
103.585
103.53
105.025
102.821
102.348
103.201
97.9395
105.59
103.742
103.55
105.07
104.345
103.353
106.777
101.807
103.342
103.066
104.526
103.757
103.502
102.907
103.077
102.889
103.62
105.297
106.066
103.12
103.302
103.085
103.083
102.595
102.405
102.418
99.7162
105.485
105.404
103.5
103.557
102.769
104.581
104.646
105.594
102.896
103.814
103.198
105.074
103.428
103.121
105.331
102.312
103.601
104.179
102.774
103.381
103.734
103.032
103.008
102.324
103.688
103.38
103.85
104.622
106.174
103.227
102.782
103.483
104.199
103.723
102.828
101.489
103.444
102.898
104.496
107.976
104.345
104.597
102.311
103.285
103.363
103.326
102.839
103.37
104.885
102.947
104.864
102.312
102.24
103.632
104.57
103.327
100.496
103.012
104.8
102.423
102.368
102.742
103.336
102.647
103.001
104.064
104.758
103.074
103.72
103.525
103.451
102.571
100.087
105.175
106.262
102.63
102.731
106.02
106.025
104.373
103.215
105.189
104.203
103.207
102.946
103.448
105.753
104.719
103.841
102.927
103.607
102.81
103.819
104.744
104.476
100.484
105.439
102.903
102.893
103.408
102.92
103.799
103.002
103.893
140.396
104.093
103.081
104.704
103.033
104.791
106.015
103.464
103.445
102.447
91.3322
102.914
105.456
103.649
102.829
71.9789
104.733
103.856
102.076
103.229
103.945
102.936
103.122
102.739
103.084
103.519
101.252
105.691
102.596
103.467
104.336
103.174
104.006
104.891
103.43
104.475
104.911
104.886
102.54
103.088
102.452
103.811
104.565
103.166
103.06
103.472
102.72
103.157
103.426
104.03
103.099
103.235
102.688
105.1
103.27
102.303
103.229
104.384
103.199
104.156
104.427
103.457
104.515
102.66
91.1314
104.973
104.793
102.997
103.575
105.916
102.195
103.339
102.074
103.358
127.614
102.498
102.75
103.255
102.773
102.663
104.498
106.311
103.336
104.821
101.469
93.7855
102.949
102.389
100.07
103.368
103.693
104.593
104.642
103.34
104.56
103.515
104.315
102.178
103.739
103.856
104.892
104.666
103.233
104.565
105.504
103.995
103.123
102.629
102.984
107.186
103.017
102.592
104.496
103.491
107.694
104.648
105.266
103.083
104.234
98.2402
104.723
103.2
98.4338
105.37
103.138
103.882
103.816
103.118
102.043
104.479
104.706
102.795
102.802
103.132
103.34
104.772
103.446
92.6936
104.417
102.429
102.119
103.963
103.79
104.943
103.421
103.726
104.021
104.834
104.229
103.005
104.25
104.973
103.562
104.071
104.023
102.962
102.874
103.981
104.572
101.127
103.228
104.587
105.309
103.202
104.308
103.751
102.919
92.4401
103.314
102.906
105.552
103.343
104.884
103.222
103.619
104.525
103.204
104.591
106.011
104.395
105.055
101.917
102.881
104.549
102.927
102.41
104.382
102.142
103.03
103.612
103.756
101.803
102.835
103.448
102.862
103.455
103.331
102.945
102.913
103.279
103.198
104.49
104.592
104.232
104.249
102.889
103.645
102.43
102.965
103.758
104.559
104.86
104.906
104.696
104.906
103.756
103.896
104.274
103.037
104.396
103.085
107.099
105.533
103.357
103.406
103.069
103.292
103.522
103.839
104.293
103.26
103.045
104.016
104.189
104.437
103.713
99.1615
202.604
103.473
103.035
102.713
102.201
105.519
104.233
103.343
102.505
103.797
102.333
114.708
105.669
102.647
104.401
102.964
103.715
104.911
104.198
104.3
103.085
105.226
102.824
103.594
104.128
102.929
103.528
114.045
103.693
102.998
105.834
105.217
101.755
104.599
104.362
102.87
104.948
103.167
105.133
102.631
103.08
104.812
104.904
103.511
103.102
102.194
102.789
105.622
110.14
104.349
103.204
104.577
103.206
106.15
107.539
104.26
103.267
103.33
109.929
104.325
103.426
103.605
104.571
103.2
102.881
102.989
103.921
104.576
104.024
103.987
105.028
103.264
103.338
102.263
122.498
103.138
111.124
105.287
105.802
103.337
104.092
105.883
107.161
104.644
103.403
104.744
101.511
103.24
104.795
102.817
105.492
104.267
103.955
100.81
103.265
104.679
104.323
105.251
101.096
102.526
103.337
103.95
103.141
103.799
105.001
104.902
99.6157
102.448
104.678
103.147
92.5171
104.054
102.132
105.961
91.844
102.963
103.977
108.259
103.173
103.41
102.314
102.383
103.014
104.171
102.749
102.539
103.206
104.234
103.155
104.017
103.966
103.965
103.415
103.322
103.787
108.574
103.021
102.963
98.0526
102.716
104.348
103.1
102.059
102.437
102.444
103.565
103.399
104.108
104.629
104.698
104.122
103.536
104.717
103.691
103.409
103.502
104.402
104.187
102.843
103.237
103.007
105.962
103.826
92.7853
104.57
105.847
105.284
104.261
103.446
103.227
102.413
100.082
179.7
105.371
104.143
90.1704
103.086
102.99
103.603
103.175
104.111
103.378
103.066
102.618
104.958
105.336
103.012
119.57
103.105
102.843
103.173
103.459
102.965
103.494
103.728
103.633
103.755
105.054
103.823
103.134
99.877
105.506
105.557
103.491
104.875
104.084
103.373
104.79
101.749
103.379
105.046
103.187
103.552
91.0176
102.151
103.471
102.212
106.087
102.96
103.145
102.823
104.3
103.651
104.542
103.091
103.337
98.4822
104.143
102.705
105.711
104.409
104.708
104.822
104.141
103.447
103.247
109.432
104.882
101.342
103.098
104.167
103.494
103.139
104.706
103.388
104.818
102.858
104.674
102.737
103.029
103.807
102.85
105.011
104.001
103.494
105.571
102.814
103.163
104.025
101.895
104.007
103.267
103.151
104.059
103.275
103.039
104.564
103.563
104.63
105.302
103.616
104.476
103.808
103.511
104.059
102.84
103.501
104.953
104.485
104.296
136.325
103.536
104.716
103.99
103.14
104.775
104.383
102.648
102.392
104.754
104.693
104.253
104.702
104.832
103.117
103.282
105.573
102.875
103.797
103.292
103.505
101.911
101.702
104.885
98.2635
103.329
107.507
103.433
105.482
101.861
103.063
103.351
106.821
107.22
103.035
103.093
104.158
103.231
103.523
105.07
103.041
105.456
104.663
107.115
104.863
102.724
104.463
104.942
103.18
104.626
103.423
104.44
103.098
104.785
105.733
104.722
103.648
103.639
103.205
97.4249
106.556
102.973
105.271
105.236
102.673
102.657
103.277
102.868
103.065
103.326
103.043
102.727
103.153
104.599
102.879
103.988
102.947
104.07
103.201
102.618
103.074
101.84
104.706
103.566
111.902
102.95
103.134
105.554
103.084
103.552
104.502
103.696
103.467
104.121
103.641
102.938
102.772
103.445
106.454
103.602
105.078
102.953
104.108
102.981
103.109
103.317
104.102
103.038
105.257
102.432
104.085
102.887
104.136
103.102
103.364
103.791
93.639
102.805
104.478
102.947
103.726
104.773
105.576
104.764
104.639
102.317
103.234
101.891
107.001
102.846
103.684
104.184
102.364
103.209
103.651
104.597
105.281
103.471
104.618
103.121
102.796
103.07
103.988
103.486
104.91
105.644
104.599
102.69
105.061
103.419
103.146
102.802
105.76
102.348
101.461
102.657
104.844
104.711
104.901
105.288
103.647
103.172
103.231
104.005
103.649
102.512
103.834
103.776
102.888
105.69
104.478
103.044
103.787
103.689
103.498
102.871
103.544
103.053
103.001
105.937
104.452
95.3735
103.166
99.0048
104.562
103.609
104.638
103.079
103.548
102.61
102.538
105.087
104.496
103.601
104.59
103.186
103.357
102.994
103.329
104.923
104.021
102.822
102.721
102.764
103.378
103.641
103.75
103.135
103.533
103.307
103.537
102.828
97.4416
104.621
104.511
104.808
103.638
104.659
104.838
102.747
104.446
101.146
105.229
104.603
103.408
103.139
103.623
104.509
103.373
104.177
103.741
103.102
102.848
103.233
109.095
101.544
102.83
103.152
127.993
103.348
103.107
104.385
104.499
101.239
102.835
105.711
104.415
102.269
104.292
102.93
104.586
103.023
104.316
105.001
103.278
103.024
107.623
103.325
104.107
104.639
103.604
103.109
103.157
97.5696
103.079
103.143
102.59
109.793
104.526
101.84
104.965
104.115
102.798
103.523
104.638
103.232
103.58
102.027
102.33
103.078
285.757
99.0713
103.259
105.484
104.049
104.064
103.46
103.576
103.97
103.076
103.157
102.814
102.838
105.319
104.931
102.825
104.8
103.158
102.995
103.013
104.857
103.191
97.7273
104.519
105.187
101.138
103.717
103.933
100.968
95.9754
102.439
103.053
103.563
105.504
105.029
105.089
104.303
102.492
103.082
104.02
103.581
102.382
103.754
102.902
104.591
103.571
102.854
102.508
102.955
105.443
102.041
103.326
106.711
103.704
103.428
104.69
105.315
103.777
102.411
105.231
102.996
103.083
104.795
102.704
102.419
109.495
105.074
103.682
103.645
103.356
104.061
98.5235
103.23
102.268
103.57
104.242
116.018
103.039
105.334
104.431
102.8
104.793
120.805
93.0717
104.209
103.006
102.984
104.744
103.066
103.077
104.059
103.83
103.456
106.05
103.123
106.005
104.885
103.309
103.656
103.886
105.056
103.202
104.995
103.831
104.536
103.007
108.673
104.949
103.563
104.637
106.75
103.109
102.784
103.983
105.701
105.931
99.184
103.12
104.348
103.186
103.27
103.644
104.865
102.832
104.706
108.896
104.723
102.572
104.305
103.568
104.212
105.006
102.632
102.781
70.403
104.774
103.539
103.039
104.769
103.403
105.031
103.486
103.071
105.254
102.752
106.683
104.607
101.826
102.76
103.476
105.516
102.978
103.675
102.896
103.335
103.437
102.671
104.038
103.471
103.46
101.715
102.945
103.803
106.753
104.305
102.488
105.578
102.926
102.535
104.715
103.918
104.433
103.046
104.488
104.1
102.844
104.436
103.764
103.527
101.907
104.237
103.274
104.82
105.218
102.913
104.134
103.166
103.213
104.688
101.993
103.618
104.481
103.961
103.488
102.719
102.934
100.512
105.065
103.527
102.79
104.108
105.155
103.238
103.072
105.486
103.157
105.419
103.689
103.428
103.788
104.814
103.273
104.885
102.405
103.475
103.273
103.156
103.208
104.253
106.015
101.16
103.004
102.831
102.455
103.088
105.209
104.458
103.241
105.297
103.569
103.888
103.142
102.655
102.75
104.372
103.262
103.513
105.395
102.679
103.946
105.204
103.63
104.522
103.465
103.983
104.901
103.238
103.235
102.786
102.438
100.135
104.193
105.004
105.933
103.813
104.111
103.537
103.106
104.32
102.63
103.38
104.237
102.522
103.489
104.635
106.954
103.473
103.927
103.199
104.89
104.155
103.133
102.752
105.306
104.744
106.584
103.046
102.523
103.244
102.236
101.285
102.995
104.506
105.323
103.505
102.891
103.162
104.915
104.876
103.757
103.751
104.97
102.499
102.642
102.956
104.36
103.282
103.905
103.017
102.989
103.651
105.39
103.717
104.965
104.807
103.35
103.604
101.458
101.371
102.817
105.019
103.833
102.941
102.556
102.587
104.348
103.593
104.046
102.826
103.712
103.76
103.193
104.786
103.008
103.241
103.938
104.831
103.281
105.056
103.415
104.769
103.326
103.73
102.323
98.3698
105.088
104.462
104.877
101.159
103.745
103.926
104.133
104.257
103.213
102.25
102.175
106.683
103.44
102.884
102.311
105.287
104.016
102.341
102.568
103.116
102.72
103.956
104.373
104.63
103.482
103.804
104.902
103.651
104.66
104.125
103.679
102.232
102.876
105.579
102.434
102.69
102.727
104.246
102.454
105.123
105.74
104.143
104.512
103.01
103.034
103.118
105.54
103.024
103.491
105.395
103.246
104.854
102.876
101.187
103.149
103.71
103.663
104.922
104.806
104.659
103.155
103.252
102.614
103.481
104.855
103.82
105.796
109.891
103.599
104.095
102.538
103.543
103.141
102.617
101.13
104.35
101.589
104.016
102.193
103.429
103.604
100.744
102.946
102.847
102.855
103.98
102.868
104.176
103.388
103.172
104.398
102.927
103.76
102.533
102.805
103.804
103.524
103.199
104.786
106.067
103.519
102.272
103.084
102.565
104.44
104.061
103.308
103.877
103.446
105.088
103.48
104.154
104.667
103.081
103.117
104.268
105.113
104.049
103.523
106.006
102.872
103.402
103.659
103.423
103.482
101.937
103.027
105.079
100.039
100.968
104.862
102.997
104.801
101.984
104.714
103.238
103.244
103.243
102.954
102.761
102.989
102.828
103.296
104.938
103.276
103.148
104.54
105.242
103.072
103.506
103.617
102.325
103.732
104.405
105.574
103.263
104.546
106.561
104.414
103.281
104.193
98.183
102.905
103.022
103.586
104.069
103.368
101.282
109.873
105.459
103.099
103.979
104.747
103.134
104.918
104.11
104.191
103.629
103.325
102.725
103.808
103.044
109.808
105.717
103.845
104.964
93.6136
103.232
103.395
103.35
103.345
102.817
102.897
105.942
105.285
104.191
111.779
103.596
102.841
104.404
104.932
105.046
104.098
102.568
102.746
102.65
103.296
105.887
104.642
103.719
104.075
103.944
106.589
85.0937
102.311
103.665
104.202
104.455
104.674
100.956
102.896
103.965
84.7133
102.673
103.166
103.608
103.028
104.823
102.507
103.809
103.159
102.059
103.748
103.816
101.034
104.658
104.14
102.935
103.416
103.426
92.2037
103.28
102.925
102.302
104.404
103.293
104.439
100.926
104.514
103.633
101.172
103.468
103.822
103.948
103.598
102.631
101.35
104.919
102.016
101.539
105.046
103.658
102.982
103.619
103.235
102.917
107.391
103.155
104.75
122.245
103.201
103.642
103.088
103.218
105.112
102.783
103.604
100.907
103.96
102.734
103.947
104.937
103.18
104.146
102.489
105.012
103.298
104.605
103.228
102.791
102.91
103.202
102.544
102.725
104.41
103.228
102.991
103.249
104.837
103.936
102.886
104.958
104.687
103.227
103.879
102.884
105.622
103.039
103.308
115.53
103.375
103.476
103.238
102.802
104.683
103.303
104.135
103.458
104.448
106.223
102.846
103.238
101.131
105.351
129.173
105.202
102.478
102.657
105.287
103.289
103.315
103.375
103.188
104.516
104.174
102.27
103.124
105.236
104.635
105.402
105.414
103.033
102.202
103.116
105.001
103.071
104.541
103.534
104.032
106.156
103.185
104.691
104.76
103.389
103.275
102.524
103.302
102.547
103.248
104.216
103.443
103.892
104.421
103.078
104.119
99.4806
103.983
103.373
105.585
103.585
102.973
102.363
102.736
104.466
103.801
103.589
104.507
102.629
104.016
103.014
104.267
103.24
110.451
103.956
103.982
102.822
103.198
103.598
102.26
103.254
103.176
113.825
103.892
104.916
105.005
104.731
102.507
103.89
102.09
102.834
103.135
102.706
102.678
102.983
102.996
102.179
102.332
102.606
104.213
104.508
103.358
102.825
103.653
102.58
103.735
103.432
103.876
103.161
102.918
103.979
102.735
103.64
105.225
102.959
104.089
103.436
105.197
106.124
103.231
104.322
96.4145
102.87
105.055
103.131
103.386
105.465
101.918
105.218
102.548
101.448
103.147
103.58
105.166
105.323
103.213
102.009
105.016
103.289
102.973
102.689
103.447
104.772
102.669
103.621
103.721
102.081
103.158
104.591
104.03
103.537
101.862
103.121
103.644
104.192
103.863
103.07
103.28
104.786
103.459
104.235
103.272
104.277
104.63
102.733
102.872
103.145
94.1823
96.0878
101.941
104.735
105.247
102.881
104.506
103.052
104.414
103.067
103.289
102.162
106.698
102.882
102.309
105.346
100.933
102.855
103.068
108.061
105.57
102.618
103.635
105.061
103.21
105.47
104.323
103.492
103.282
102.605
103.466
103.085
103.423
102.677
102.36
102.952
104.033
103.81
103.254
103.474
103.092
103.249
104.529
100.76
100.478
104.321
103.094
103.323
102.958
104.72
102.8
104.068
103.12
104.712
102.894
103.524
102.282
104.195
84.8458
103.433
104.182
102.884
103.056
105.231
103.411
103.289
105.329
103.667
103.157
102.996
103.346
102.957
103.689
102.195
102.534
107.879
104.482
105.084
101.792
102.688
103.374
104.331
104.052
102.654
104.268
103.024
104.305
104.057
104.239
103.262
104.164
103.279
103.212
102.02
104.707
102.722
101.963
102.806
103.751
102.933
103.643
104.145
97.0934
102.772
103.134
105.508
100.862
104.353
102.811
103.313
103.999
103.027
103.433
103.084
103.347
109.26
103.179
104.57
103.895
102.661
103.968
103.13
106.235
102.968
107.512
103.483
103.203
101.433
102.933
103.103
103.375
103.212
103.187
103.457
103.089
103.441
103.325
103.167
103.11
104.824
103.982
104.078
103.489
103.098
103.165
101.702
102.564
104.673
196.557
103.148
102.984
102.565
102.967
103.199
109.941
103.687
104.689
103.851
104.509
103.069
105.38
102.788
105.445
104.747
103.291
103.297
103.295
101.779
104.862
104.357
102.807
102.629
103.055
103.706
103.765
104.816
102.608
105.69
106.348
103.363
103.501
104.221
102.001
103.03
102.805
102.916
104.67
103.151
103.031
104.549
104.608
103.222
105.168
99.9624
103.596
105.298
103.488
102.736
102.828
104.782
103.403
103.029
105.074
103.274
103.924
103.56
104.732
103.041
98.6956
103.058
102.448
103.679
103.054
105.716
103.132
97.8173
103.858
104.565
104.463
105.827
104.433
103.22
104.857
103.033
105.956
105.147
104.714
103.253
102.826
104.906
103.522
103.218
103.428
103.676
104.319
103.401
102.618
97.5403
104.588
102.839
104.67
104.785
83.7622
103.527
103.225
104.975
104.672
101.916
102.684
105.497
103.91
103.106
104.273
105.01
105.19
102.296
103.941
105.37
103.302
102.802
106.415
104.564
103.176
102.403
102.969
102.734
104.882
103.448
102.854
103.332
102.785
105.114
103.646
103.174
104.502
104.387
104.836
103.402
104.621
103.349
103.361
102.853
102.807
104.346
103.439
103.101
104.47
102.754
102.972
104.74
103.265
102.509
102.664
103.425
104.829
103.074
102.328
103.616
103.688
103.573
103.09
104.633
103.169
104.673
103.306
103.451
103.48
104.629
103.771
103.07
107.204
102.519
102.391
105.024
107.353
105.027
104.432
103.245
103.328
103.473
101.455
104.179
104.925
101.963
103.066
103.094
102.823
102.488
100.872
105.18
103.761
105.151
102.832
107.19
103.351
102.918
105.937
102.935
103.222
101.7
101.585
104.518
116.012
74.4275
102.506
102.603
103.359
105.582
104.506
102.513
101.086
102.673
105.392
102.807
103.386
102.784
103.249
103.565
102.186
102.978
103.654
105.238
104.537
103.841
102.119
103.13
103.725
104.127
102.319
104.758
103.5
103.5
104.598
103.547
106.881
102.786
104.47
103.999
104.863
103.047
104.368
103.169
103.475
103.376
102.666
104.222
105.33
104.398
103.189
104.625
105.104
105.758
104.681
103.341
103.809
103.282
103.53
102.579
103.556
105.537
103.689
103.5
103.277
104.893
103.273
102.951
104.046
103.289
102.788
104.434
104.158
103.482
105.164
102.37
104.644
103.033
103.298
102.828
103.102
103.122
103.202
103.912
104.659
104.451
103.347
103.487
102.849
103.453
103.357
104.495
106.377
102.448
103.344
103.072
104.505
105.834
103.117
103.844
101.64
103.337
103.824
102.193
103.338
103.864
102.659
102.614
103.558
103.704
103.072
103.455
104.407
103.138
102.173
101.6
102.746
105.198
103.047
110.617
103.904
103.003
104.709
103.396
100.457
103.537
104.807
107.024
103.164
104.135
104.121
101.717
103.337
103.731
102.865
103.186
102.459
107.825
104.74
102.938
104.602
106.522
104.151
103.735
102.297
103.344
102.338
103.1
103.669
107.049
103.172
103.465
103.731
102.928
103.747
102.492
103.687
105.078
102.443
103.523
103.487
103.373
104.676
102.682
103.71
103.157
105.387
104.604
103.205
102.836
103.201
103.432
104.321
105.261
103.826
103.451
102.923
103.977
103.232
104.023
103.659
106.002
103.688
103.44
102.784
104.552
104.121
104.702
104.575
103.319
101.987
104.191
102.912
100.117
102.854
104.174
102.457
103.629
102.862
103.004
102.783
105.287
103.013
104.498
103.669
105.254
102.922
103.078
104.183
101.928
106.805
103.125
104.578
103.8
103.026
104.211
103.285
103.016
103.448
103.292
103.094
106.635
102.996
105.693
104.895
104.553
103.725
104.47
99.1514
104.336
104.502
103.568
103.662
102.848
104.859
102.694
103.244
102.388
103.438
103.154
107.236
105.445
104.864
104.462
103.734
103.064
102.219
102.501
103.401
102.445
102.392
103.222
102.741
102.884
104.951
103.612
101.342
103.091
103.695
103.123
103.628
104.129
106.005
105.34
102.9
103.366
102.845
103.591
103.463
38.9251
103.095
104.735
103.55
103.442
103.313
103.142
102.883
104.703
98.0037
102.804
105.93
103.339
102.686
104.689
-58.928
104.892
104.65
103.324
103.682
103.772
103.776
103.462
102.387
105.424
103.693
104.533
103.366
102.454
104.441
100.172
103.738
106.136
105.031
103.757
104.646
104.393
104.351
102.772
108.07
103.794
103.371
104.626
105.74
103.083
102.57
103.341
102.629
104.51
104.386
104.736
103.579
103.153
103.781
104.163
102.289
103.26
102.947
108.992
104.137
104.904
105.007
58.8268
104.127
103.252
103.833
103.507
102.248
103.708
102.401
104.644
103.432
102.454
104.883
105.143
102.981
104.695
104.942
103.521
104.071
102.967
104.74
103.291
105.891
105.585
102.932
103.266
103.674
104.789
105.206
104.59
103.722
106.581
104.438
104.469
103.41
102.792
103.08
104.965
107.479
103.297
102.673
101.52
103.735
102.438
103.694
105.444
107.567
105.233
103.338
101.629
104.302
103.473
102.543
103.598
103.398
103.51
102.925
103.241
105.883
144.695
103.507
102.624
104.326
103.452
102.902
106.962
103.889
103.265
103.972
102.704
101.379
102.947
103.857
103.64
104.621
103.262
103.036
102.708
104.735
102.878
103.332
104.612
102.95
103.427
104.23
103.626
104.839
103.673
103.488
103.821
102.721
103.292
116.466
104.845
104.032
103.934
103.808
102.932
104.949
104.864
103.604
102.843
102.505
103.325
104.808
104.169
103.357
103.188
103.341
102.692
105.135
61.5089
103.061
103.915
102.328
103.265
103.575
103.095
104.722
102.319
103.628
104.656
103.417
104.042
73.0925
103.805
104.066
105.262
103.7
102.818
103.733
102.957
102.287
102.445
101.927
102.963
105.287
106.849
104.043
102.61
104.178
103.364
108.217
103.84
104.569
104.385
113.556
104.513
105.237
103.164
103.382
105.708
103.027
100.682
103.704
104.287
102.847
102.98
103.303
103.015
104.092
102.748
103.572
103.339
105.23
102.649
102.876
103.591
104.524
102.603
106.087
103.029
103.624
103.365
103.281
100.494
105.576
103.298
104.361
106.67
105.905
103.673
103.564
102.863
104.661
56.4484
104.812
102.945
103.089
103.708
105.2
104.63
111.794
106.02
104.664
101.733
101.358
105.198
103.021
103.716
103.064
103.68
103.152
102.895
103.344
106.877
103.47
103.375
103.319
102.8
104.319
104.318
102.96
103.624
105.429
102.363
103.729
102.964
107.545
100.808
105.051
104.193
102.257
104.508
100.096
104.478
103.183
103.399
103.373
103.311
107.074
103.461
103.06
103.151
103.459
218.402
103.43
105.048
104.414
104.698
104.111
103.437
102.705
103.679
102.999
103.171
102.355
101.38
104.5
104.832
100.703
102.737
103.071
102.406
105.331
104.364
103.114
103.824
103.008
103.452
103.296
105.642
101.799
103.957
102.792
105.819
103.117
103.977
101.1
100.921
103.384
103.829
102.886
105.234
105.062
101.92
104.931
104.076
102.928
130.979
105.286
103.133
103.186
104.892
103.697
104.752
103.363
102.533
104.706
104.767
104.027
104.476
102.315
102.783
103.835
119.935
103.308
102.522
103.783
105.589
103.311
104.725
103.843
103.593
103.402
103.452
103.332
105.241
105.192
103.901
103.881
104.312
104.283
101.861
103.157
102.368
108.075
102.57
102.868
105.007
103.675
105.064
102.914
104.214
102.96
103.38
102.819
102.849
103.624
102.955
100.56
105.801
105.862
103
91.4665
102.896
103.101
104.813
105.798
104.345
102.76
104.745
103.644
103.959
108.072
103.197
104.451
103.205
106.483
104.702
105.195
104.318
103.316
103.864
103.111
101.897
102.394
102.861
105.347
103.691
103.806
100.041
103.122
104.634
102.894
103.294
104.776
103.444
103.113
104.667
102.873
104.301
104.338
103.749
103.962
104.267
102.923
103.128
103.399
102.874
103.212
103.131
103.18
104.793
103.118
105.012
103.049
102.547
103.44
98.8986
105.634
105.098
105.412
105.789
103.207
103.523
102.446
104.053
104.342
104.555
103.47
100.674
103.351
105.015
102.952
100.976
104.774
102.505
102.842
104.899
102.752
105.189
103.419
105.922
102.263
102.686
102.979
102.962
103.413
103.272
103.205
105.288
104.199
114.402
105.325
105.087
103.187
102.471
101.481
104.647
103.157
103.109
105.358
104.385
104.487
104.401
103.213
103.896
102.882
115.039
104.714
109.224
101.969
102.81
101.086
103.142
104.025
94.8151
102.891
104.452
102.86
104.728
102.979
103.572
101.388
102.524
101.951
157.133
105.156
103.194
103.37
104.394
103.627
102.699
105.283
104.857
103.576
102.13
105.653
103.498
103.244
105.116
104.916
104.333
104.432
104.313
99.5541
102.208
103.191
104.735
103.713
103.958
104.938
104.777
102.92
104.098
106.11
102.814
104.912
115.132
104.585
103.931
103.173
103.547
103.336
104.626
103.195
103.889
102.408
105.013
104.632
104.105
103.845
103.86
104.733
103.389
103.392
105.623
102.417
102.688
108.138
103.26
104.189
102.82
102.977
105.345
103.207
104.391
104.828
103.458
105.183
102.764
104.908
103.204
102.177
103.507
102.525
103.087
102.863
39.0533
107.477
104.676
102.843
103.8
103.244
103.304
103.241
103.453
105.016
105.875
102.883
109.542
103.837
107.6
104.689
102.499
102.816
103.149
105.106
105.298
103.871
104.776
103.392
104.781
103.953
108.69
106.675
104.259
102.559
103.185
101.578
104.123
103.645
102.518
103.153
102.78
103.527
105.108
102.547
103.06
103.861
103.438
103.77
102.599
104.929
103.14
105.224
98.7752
103.93
104.736
103.509
103.22
104.775
103.507
102.479
104.758
103.117
109.484
103.493
104.754
102.861
108.024
103.05
105.031
103.1
103.548
103.42
104.617
103.174
103.04
103.257
103.687
103.665
102.807
103.805
102.709
102.506
103.145
102.625
106.33
101.754
104.646
102.013
102.571
102.941
104.737
103.347
105.19
103.018
104.285
104.42
105.893
106.394
108.574
103.281
102.493
104.734
104.738
103.343
104.599
102.997
103.066
101.585
114.86
102.924
103.536
103.343
103.435
104.26
104.724
104.335
102.992
106.23
105.426
104.767
103.307
102.189
103.174
104.413
102.985
103.156
105.302
104.526
104.697
103.746
105.599
103.999
107.89
105.281
103.347
103.952
103.371
104.585
102.169
104.651
104.776
108.307
103.786
104.922
102.876
102.688
104.859
102.946
104.943
103.079
104.765
103.668
103.024
103.3
102.213
107.666
103.417
103.931
104.703
103.91
103.306
103.401
103.627
104.618
103.358
103.519
103.339
107.348
107.748
103.783
102.022
102.804
103.695
104.541
103.777
104.091
103.704
104.336
103.711
82.2362
102.556
103.63
104.284
105.299
103.727
104.52
102.854
104.469
104.681
98.3393
103.607
103.359
101.459
103.38
103.083
104.088
102.818
103.017
104.951
106.329
102.905
104.647
105.332
105.156
102.636
102.941
103.198
102.1
104.924
103.251
103.919
102.789
102.614
102.666
109.063
103.645
105.303
105.507
104.573
104.294
103.444
104.04
102.961
104.344
103.63
103.435
103.788
104.344
105.076
103.678
103.226
104.657
103.311
105.422
104.384
100.845
102.01
102.854
103.159
104.49
104.082
103.82
105.14
102.291
104.724
104.018
103.158
103.408
103.474
103.607
104.079
102.352
103.856
103.631
102.647
103.276
104.491
103.918
105.547
104.748
105.416
103.409
103.163
104.521
103.489
102.83
105.376
99.4679
103.471
103.125
103.273
105.793
106.538
105.208
103.491
103.045
103.203
103.815
103.091
103.211
103.646
103.829
102.779
102.946
104.26
105.395
102.627
102.805
104.298
102.919
103.283
102.97
103.195
103.014
107.049
102.729
103.096
103.743
102.43
103.216
102.962
102.925
103.346
112.981
101.489
104.055
103.062
104.967
102.785
105.36
104.609
103.039
104.653
105.545
104.111
103.571
103.413
103.415
102.167
103.408
109.774
104.64
105.157
102.994
104.004
103.223
103.264
103.195
103
103.695
103.441
103.371
104.737
104.859
104.243
104.123
103.319
103.476
104.026
104.361
103.762
102.407
102.69
103.21
104.927
104.509
103.65
103.235
103.59
106.034
103.305
104.659
103.341
103.352
103.078
100.041
105.686
103.355
105.167
103.31
104.343
104.647
103.431
85.4764
104.232
104.547
104.584
102.911
104.48
103.57
104.659
102.647
103.311
103.939
101.903
103.255
103.251
102.697
102.858
103.691
103.471
102.632
103.14
101.83
104.308
103.58
103.45
103.432
103.338
104.753
102.907
105.078
103.025
102.482
103.948
104.35
102.793
103.141
103.079
102.743
103.149
102.337
103.523
104.053
106.141
107.419
103.446
103.765
103.373
103.15
106.097
103.648
103.143
103.521
91.0916
104.111
103.832
104.696
103.013
103.697
103.117
103.485
103.044
105.198
65.5754
102.95
103.145
103.215
102.761
104.4
103.221
103.475
101.065
104.303
101.865
103.429
102.929
104.021
104.92
104.749
106.392
103.076
103.705
104.342
102.778
104.435
104.17
103.341
108.566
103.98
103.547
103.922
105.132
104.691
104.055
104.756
103.293
103.356
104.268
103.748
103.217
102.961
105.301
103.259
105.024
108.89
103.31
104.693
103.419
103.098
102.841
103.458
102.361
104.427
102.616
104.423
103.077
105.075
104.086
103.606
102.833
103.406
105.738
105.318
104.583
103.311
102.758
102.245
105.082
103.468
105.084
104.27
103.338
104.168
103.447
105.506
105.021
104.026
104.878
103.261
101.814
102.075
102.457
104.82
105.093
102.671
97.8172
103.53
102.874
101.685
104.605
103.713
104.81
102.193
102.781
103.437
103.23
103.318
102.939
102.955
104.336
105.479
103.332
104.631
104.976
104.745
103.371
104.508
103.028
103.23
104.659
103.193
104.041
104.174
102.843
103.134
103.748
103.814
102.599
103.855
103.27
104.571
104.711
103.919
106.717
102.871
103.282
104.776
102.963
104.183
107.578
105.046
105.556
102.836
104.915
103.467
105.209
102.927
104.556
104.139
102.49
103.332
106.141
102.658
102.645
103.968
102.833
105.363
103.579
104.54
103.798
103.556
103.813
106.184
102.469
103.906
103.049
104.641
103.985
103.249
103.463
103.007
102.477
88.0159
103.894
103.928
101.274
103.435
105.14
105.165
102.767
106.286
105.122
104.597
104.518
105.015
103.2
103.065
103.811
104.488
102.618
102.244
103.345
102.777
103.019
104.143
102.319
104.26
103.845
102.843
103.756
104.099
105.096
104.403
104.457
102.595
102.998
103.052
103.765
102.77
103.351
103.28
104.71
102.744
103.469
104.309
103.926
102.776
104.452
103.119
104.612
105.186
102.887
104.794
103.177
104.445
101.801
105.373
103.083
102.711
102.348
106.332
104.827
103.58
103.859
96.2079
103.22
102.483
102.583
105.111
103.043
105.353
102.854
102.636
95.8905
105.181
102.12
104.947
102.184
103.721
103.938
104.832
103.804
104.979
106.196
106.355
103.204
104.513
104.49
103.273
103.93
102.752
105.213
103.261
104.138
101.788
103.86
102.82
102.312
103.111
103.479
102.936
103.031
102.971
102.896
103.346
104.788
104.302
105.087
103.468
105.248
104.466
105.828
104.379
103.053
103.38
103.69
102.968
103.276
103.144
103.569
100.329
104.305
104.066
103.877
104.585
102.868
103.062
103.868
104.51
104.922
104.652
102.831
126.724
103.2
102.553
103.04
102.894
103.54
102.311
102.714
103.997
103.694
100.691
103.183
103.246
103.776
103.635
104.421
102.937
103.287
106.699
105.058
102.592
102.863
93.8604
103.379
103.267
103.855
90.332
103.181
102.986
104.523
103.87
103.189
103.825
104.17
103.072
102.928
55.499
102.846
104.929
106.8
103.223
103.123
103.21
103.139
102.965
104.712
105.508
103.778
105.12
104.864
102.485
103.912
103.456
103.55
104.374
104.151
103.741
103.456
104.404
102.41
144.032
105.122
105.402
102.884
103.985
104.739
104.708
102.492
103.241
104.854
103.773
103.194
104.143
104.311
103.777
103.297
102.968
104.66
106.55
104.504
104.499
103.771
103.954
104.073
103.161
103.637
105.522
103.28
102.88
102.851
102.341
104.871
106.384
104.17
104.896
102.851
103.845
103.589
103.448
103.68
103.038
103.517
101.701
103.206
103.38
102.822
104.542
103.391
102.669
105.066
103.433
102.483
102.483
103.608
102.834
102.502
103.235
103.439
101.264
103.286
95.3066
103.312
105.462
104.973
103.054
102.634
104.157
103.583
109.907
103.997
104.038
104.501
104.945
101.398
104.055
103.702
105.043
103.077
102.958
105.196
103.523
103.398
104.55
103.493
103.425
101.379
105.215
106.953
103.295
110.365
103.445
104.06
104.442
103.563
102.832
105.77
103.194
104.333
103.661
102.562
103.618
101.946
105.532
104.03
102.993
103.691
103.17
102.865
105.071
109.272
102.949
102.932
103.402
104.68
104.699
104.653
104.601
107.678
103.007
104.521
101.889
104.593
104.455
103.303
103.116
105.396
105.294
104.149
104.168
105.2
102.865
104.538
97.7463
102.811
104.505
103.745
104.252
103.678
102.971
102.482
103.002
103.28
103.835
100.964
105.528
105.37
103.027
104.827
104.044
102.596
103.24
101.899
104.627
103.252
107.62
103.576
102.681
102.972
103.118
104.669
104.891
103.577
100.496
103.67
102.955
103.774
104.69
102.49
100.915
104.786
102.747
104.625
104.836
104.772
101.23
103.437
104.757
102.981
104.793
102.212
102.699
99.3319
99.8993
102.776
103.159
103.24
102.708
103.347
102.611
103.366
103.84
104.437
103.513
106.027
108.387
103.12
104.103
102.713
102.87
103.057
103.507
102.286
105.095
104.885
104.455
103.736
104.82
106.954
104.896
104.087
103.124
105.242
103.983
104.441
102.662
103.22
102.164
103.465
102.714
104.165
103.111
103.286
102.984
89.0061
102.894
103.13
111.603
103.783
102.185
104.275
105.319
102.818
103.394
108.347
103.382
103.341
102.722
105.391
104.763
102.847
103.722
102.538
102.438
104.395
104.265
103.755
105.293
102.339
104.223
105.036
102.886
103.581
103.774
102.962
103.217
102.502
113.463
103.185
103.828
103.219
103.981
104.384
103.027
103.113
102.834
103.749
108.033
102.905
104.555
104.928
104.729
103.447
102.86
103.151
102.765
102.905
101.379
102.893
104.036
104.03
104.621
103.409
104.612
104.392
103.518
103.016
105.563
102.965
102.053
102.864
102.493
102.871
104.576
104.315
104.145
102.907
103.6
103.289
104.953
103.223
103.514
103.098
102.473
103.501
106.828
100.127
95.3847
104.839
103.504
104.422
103.521
103.606
103.304
104.107
101.948
104.837
107.157
103.718
104.926
104.144
102.582
102.828
103.459
106.964
103.463
98.433
104.575
102.795
103.523
98.1998
104.669
104.229
103.256
109.146
102.915
101.765
102.775
103.278
122.108
104.54
102.621
105.11
104.396
104.746
104.971
103.062
103.974
102.835
104.068
103.071
105.012
103.283
105.62
105.646
102.889
102.829
104.182
105.441
104.547
103.051
103.031
104.891
105.422
105.133
104.486
102.758
103.485
102.975
103.436
105.307
104.74
104.893
102.942
104.632
102.836
103.711
102.609
102.41
104.464
104.995
103.648
103.814
102.712
106.518
102.845
105.883
102.989
103.572
104.727
104.312
103.235
98.2617
103.525
103.618
103.295
102.275
102.488
104.256
103.161
103.76
103.28
103.897
103.879
103.301
104.892
106.84
103.33
105.694
104.787
103.635
102.499
103.487
104.468
104.332
103.482
103.088
118.295
97.0576
103.564
102.839
128.539
102.486
102.746
103.158
102.662
103.408
104.35
104.388
103.149
103.449
103.374
103.847
102.94
104.496
103.318
105.458
103.271
104.617
105.732
103.161
104.031
104.172
104.651
104.758
102.496
104.397
104.947
102.598
107.308
103.544
104.215
103.095
104.281
102.723
103.638
102.297
103.055
104.709
103.324
103.142
104.075
104.517
103.984
102.89
103.571
104.856
103.049
106.593
102.419
103.209
107.548
104.85
102.896
103.371
103.076
103.816
104.909
103.38
102.904
102.363
103.286
105.034
105.418
103.621
103.484
103.793
103.575
103.043
103.199
104.151
102.996
102.726
103.072
103.561
104.606
103.423
101.453
105.212
103.319
105.533
103.141
103.831
103.467
105.41
103.309
103.686
103.27
102.702
102.765
103.222
104.082
103.527
103.964
103.832
104.655
103.27
103.685
104.853
106.078
102.803
103.358
105.307
103.017
102.909
103.529
102.57
103.71
104.675
105.449
106.461
103.114
102.898
105.44
103.13
103.769
103.285
101.314
103.064
104.252
104.342
105.07
105.302
103.046
101.933
104.317
104.487
103.325
102.923
94.8771
103.378
104.163
103.278
103.232
103.101
103.723
103.147
104.573
103.823
103.042
103.439
101.748
109.759
104.932
102.803
103.243
103.612
103.059
100.737
102.243
103.292
103.445
104.935
107.196
104.375
105.402
103.529
101.519
104.275
98.5644
103.812
100.499
105.956
103.974
105.558
104.193
99.5604
103.352
104.032
103.486
104.683
103.28
104.306
102.907
103.39
103.891
102.359
102.652
103.534
18.9838
102.258
102.211
103.094
102.854
103.955
103.362
105.148
102.155
93.7981
103.799
104.558
104.844
102.903
103.242
104.376
104.207
104.929
104.408
104.69
102.808
93.449
104.761
105.05
103.617
104.634
110.825
104.164
105.163
100.789
102.803
103.099
103.035
102.376
104.765
103.257
103.87
103.44
104.47
103.322
103.448
103.738
103.047
103.626
104.42
102.846
103.186
105.7
103.089
103.244
103.265
102.772
104.723
102.776
101.83
101.565
103.099
106.01
104.053
104.234
103.535
100.492
103.902
102.762
102.684
102.227
103.471
103.403
103.235
103.604
105.606
102.055
105.348
105.605
103.278
103.028
103.115
103.815
102.738
103.46
103.26
105.249
103.073
105.731
101.142
102.902
103.162
103.781
103.483
103.437
102.965
103.371
103.521
104.809
91.6389
102.798
103.266
103.671
112.477
103.887
103.195
103.486
103.208
106.416
103.038
103.135
104.723
102.683
102.822
103.3
102.788
97.7145
98.2237
104.461
105.43
103.297
105.15
100.413
104.397
103.641
103.377
102.953
103.53
105.12
103.373
103.113
102.141
102.227
103.334
103.052
103.265
103.123
104.83
103.214
101.254
102.762
102.826
103.318
106.449
105.856
103.073
104.953
103.204
104.872
100.941
105.309
104.232
104.244
102.903
102.07
103.099
105.46
104.401
102.634
-28.32
103.09
103.323
103.259
104.023
105.228
103.795
103.303
104.839
104.214
104.568
102.747
90.7333
102.803
103.248
103.417
102.318
104.662
102.938
104.722
104.453
104.611
102.12
103.108
104.521
104.52
105.399
104.34
102.992
104.394
102.949
103.665
102.439
102.941
104.471
102.81
104.543
103.304
103.362
103.21
103.773
104.877
103.717
103.133
104.831
104.326
83.752
102.332
103.755
105.254
103.538
105.07
102.313
104.427
103.164
102.84
107.432
104.189
103.014
103.327
103.175
104.449
104.81
102.927
103.187
103.748
103.959
103.723
106.209
103.496
103.144
103.179
102.88
110.144
103.044
104.352
103.537
104.352
103.725
114.747
102.482
103.76
103.029
117.064
103.781
104.108
102.748
103.598
109.322
104.527
104.55
103.509
102.842
104.971
102.749
104.856
103.225
104.516
106.396
103.533
103.689
105.02
102.869
102.238
104.982
103.053
103.136
104.887
104.731
103.042
103.136
103.5
103.886
104.566
104.458
103.376
106.274
50.2027
102.965
102.877
104.142
104.384
103.678
103.337
103.145
102.691
104.108
105.504
98.0843
104.437
104.655
103.511
104.721
105.234
103.503
104.128
104.803
103.648
103.31
102.581
104.495
104.523
102.84
103.804
102.7
104.553
103.056
102.023
104.391
103.1
98.1903
105.197
102.886
103.463
103.301
106.299
103.58
102.371
103.388
103.465
102.695
104.146
103.562
102.94
103.056
103.654
102.774
101.709
102.98
102.775
105.237
105.442
103.64
104.044
102.814
102.059
102.53
103.41
103.933
104.219
103.096
105.028
102.921
102.847
104.724
103.533
103.289
103.614
101.423
103.216
103.55
103.989
104.086
103.405
104.73
103.53
105.206
103.756
102.665
102.974
103.555
104.227
102.414
103.695
103.946
95.762
109.84
103.524
105.524
103.635
103.313
102.93
102.661
103.225
103.347
102.797
104.833
103.374
103.035
103.352
102.577
104.207
89.056
103.303
103.004
102.956
104.445
104.15
103.699
104.918
104.434
106.622
103.199
101.318
105.023
104.85
103.229
101.808
107.472
102.76
103.461
104.776
102.387
103.64
103.654
103.276
105.608
103.535
103.002
103.478
103.664
103.267
103.61
103.535
105.116
104.275
102.832
105.708
103.549
104.903
104.077
-1743.18
105.315
107.219
1129.97
107.041
106.495
104.18
103.024
103.109
103.067
104.258
103.195
102.616
103.277
103.445
102.553
101.341
103.668
103.805
103.289
102.723
103.711
102.579
103.981
103.087
102.484
101.945
103.564
102.577
104.133
102.761
102.874
104.883
104.22
104.672
105.108
102.672
159.435
104.647
105.155
105.531
105.475
103.933
103.437
103.989
104.377
103.101
100.095
103.707
103.127
105.107
103.067
103.358
102.711
103.859
102.967
102.525
103.809
103.312
103.325
103.396
104.412
103.536
104.894
104.349
102.985
103.069
103.383
103.45
104.084
103.883
103.033
103.218
103.809
103.298
103.494
105.256
104.039
104.205
103.366
104.78
103.611
102.68
104.404
104.167
104.784
103.803
105.235
103.969
102.544
106.502
102.253
102.943
102.326
106.112
103.41
105.715
102.708
102.993
105.209
102.94
104.792
102.975
103.905
102.875
103.389
105.125
105.084
103.366
102.93
102.681
103.996
103.86
103.433
105.299
102.867
103.792
103.976
103.074
103.656
102.809
103.058
104.262
104.771
103.398
107.442
102.792
101.711
108.258
103.841
101.621
98.0185
104.652
97.5324
104.689
103.401
103.37
103.057
103.33
94.7673
103.623
103.812
104.414
104.683
102.64
102.839
102.345
104.179
103.218
97.1233
108.384
103.818
102.601
104.567
104.199
103.2
104.615
102.81
103.344
103.171
102.635
102.421
103.637
103.923
103.695
104.826
103.645
103.565
104.444
102.994
103.003
102.922
103.484
103.468
104.001
104.471
103.075
103.396
103.228
101.612
103.681
102.559
102.471
103.614
102.895
117.172
103.374
103.43
105.138
104.778
102.083
103.219
103.015
104.436
103.099
105.71
103.888
102.856
102.663
103.94
104.672
103.332
103.994
104.301
105.027
105.701
110.271
102.417
104.583
103.044
101.647
105.62
104.689
103.46
102.195
102.651
105.564
103.252
102.84
106.667
104.996
103.766
103.46
105.164
104.674
102.982
105.439
104.545
95.3075
103.079
102.809
104.829
102.562
101.594
115.388
104.491
103.858
104.017
104.122
103.107
104.714
103.392
103.396
103.075
105.844
104.581
104.84
104.371
102.544
103.52
103.918
103.284
104.175
103.203
102.736
103.425
106.195
100.368
103.239
104.522
102.935
103.187
103.288
103.499
103.542
130.779
103.218
102.833
103.546
104.439
102.818
102.725
102.827
103.557
105.254
104.626
103.038
103.436
101.808
104.428
133.105
103.626
102.97
102.937
104.241
104.716
104.761
103.05
100.517
102.053
104.301
106.653
102.539
103.167
104.835
103.814
103.308
102.896
104.022
103.026
106.795
103.019
105.853
103.749
104.49
104.149
105.371
104.572
103.355
95.8314
102.754
102.956
103.399
103.928
105.445
102.344
104.215
104.7
104.972
103.243
103.459
105.019
103.738
105.024
103.528
102.37
101.096
102.725
101.443
104.313
103.114
102.472
103.124
102.939
103.593
105.569
104.443
104.405
103.862
104.335
103.247
102.167
106.129
104.092
103.603
102.574
103.5
102.311
104.089
102.913
102.686
102.614
104.215
104.437
102.486
103.727
104.641
101.335
103.378
103.219
105.245
104.21
104.859
103.143
104.822
105.333
102.216
103.285
103.439
103.548
103.458
104.3
104.199
104.526
103.946
103.158
103.979
102.892
103.147
104.413
104.988
103.516
100.995
104.693
105.162
102.628
104.54
105.238
105.494
105.163
103.75
103.68
102.623
105.149
103.293
104.914
102.956
105.859
103.222
103.385
103.548
101.215
102.745
103.261
103.888
103.311
102.604
103.066
102.765
101.1
102.952
104.187
102.905
102.964
103.571
102.983
103.483
103.13
105.457
102.842
104.812
103.453
102.183
103.419
101.788
104.161
103.385
102.769
105.226
102.942
104.188
105.619
103.416
104.593
101.84
104.168
102.787
103.433
102.368
104.753
104.639
103.42
104.549
104.27
104.505
102.324
103.072
104.813
103.461
104.845
103.757
103.904
103.575
102.886
102.949
103.359
103.189
103.255
102.653
102.638
102.684
103.788
103.832
103.029
104.462
103.627
103.494
103.809
102.755
105.265
99.9367
103.494
103.072
104.015
103.212
102.628
103.443
103.235
104.471
103.432
104.319
101.976
102.268
104.898
105.393
104.132
104.099
102.214
102.608
104.341
103.284
103.187
177.637
103.244
104.74
104.666
103.465
103.742
103.21
104.765
104.712
103.102
104.236
102.801
102.753
104.04
103.483
103.373
103.648
102.914
103.398
103.285
105.999
104.73
103.668
103.839
103.896
102.411
103.575
103.524
103.842
102.956
104.696
103.01
104.959
103.004
105.242
102.363
102.621
104.948
103.275
103.766
102.607
103.438
103.248
104.913
105.349
104.055
102.877
103.343
103.325
102.723
104.695
105.73
103.077
102.955
102.93
103.618
102.915
105.484
105.024
103.473
104.484
86.4996
106.402
103.585
103.18
102.776
106.508
103.232
104.871
102.328
104.459
103.155
102.715
104.823
103.967
104.413
103.857
103.542
102.641
106.055
102.578
103.337
102.63
103.679
102.569
103.368
103.701
102.75
103.611
104.037
102.761
104.585
101.541
103.164
105.153
97.3599
104.864
104.182
104.765
103.552
103.89
103.564
105.44
103.814
103.394
102.985
105.64
105.551
104.842
105.239
102.786
103.348
101.501
103.721
102.978
103.205
103.247
102.884
101.525
105.054
103.353
102.131
101.566
104.645
102.912
102.898
103.039
100.981
104.73
105.465
104.553
103.435
129.1
103.406
103.344
103.028
104.833
103.362
102.678
105.603
104.055
71.2391
103.291
104.46
102.939
103.198
103.936
103.766
105.391
103.272
102.69
102.509
104.886
103.69
103.131
102.295
102.849
102.245
103.747
104.103
102.597
104.121
102.349
106.896
103.879
102.865
104.676
103.455
103.749
102.865
104.743
103.167
103.252
103.569
104.041
103.231
132.845
105.051
102.873
104.671
107.897
103.055
103.273
103.097
104.332
104.698
103.266
102.577
103.03
104.798
100.641
103.24
105.228
103.553
103.073
104.475
103.877
102.665
102.952
104.928
105.191
107.696
105.856
102.331
103.72
102.833
103.013
102.947
102.002
102.464
104.513
103.049
103.344
102.855
104.707
103.157
106.218
103.191
104.537
103.194
103.683
102.883
103.174
100.613
105.079
104.151
102.906
103.176
105.611
103.41
103.47
103.297
101.365
103.682
101.979
102.381
103.559
103.707
96.859
105.333
102.788
104.91
103.004
103.659
104.926
105.363
103.051
103.676
101.428
103.849
104.152
104.626
102.847
102.185
104.154
103.901
103.054
104.96
105.146
105.982
103.551
99.9149
104.511
102.898
103.149
102.835
97.7434
103.638
104.894
102.383
63.8611
104.927
105.265
56.4094
102.242
102.656
102.879
103.547
106.216
103.102
104.508
102.785
105.104
104.352
106.438
103.162
103.279
104.45
104.587
109.201
105.302
104.977
103.542
102.796
102.92
104.081
103.038
104.25
104.457
103.398
103.524
103.501
102.616
103.578
103.157
101.695
105.843
103.473
104.104
102.987
102.97
103.284
104.695
102.919
104.027
105.682
103.241
103.069
102.929
103.578
102.225
99.3611
102.997
103.94
102.976
103.641
103.15
102.804
105.03
104.679
102.637
103.878
104.14
98.0211
103.749
104.449
104.296
103.684
103.297
104.299
102.991
103.756
103.509
103.138
104.807
102.418
102.029
103.821
102.524
103.949
103.257
102.156
105.001
103.924
101.74
106.318
103.013
105.761
104.619
105.56
122.919
103.517
102.673
104.32
102.826
104.697
104.02
104.649
103.679
104.634
103.124
103.002
102.307
104.926
103.633
104.26
103.944
103.626
103.693
104.033
103.09
103.209
102.388
103.203
104.178
112.518
104.169
108.53
105.047
103.213
105.499
105.247
102.715
103.499
101.927
104.412
105.839
102.791
103.813
103.88
107.266
102.737
96.2478
106.755
101.947
105.022
103.317
103.22
96.9698
103.404
103.292
147.926
103.631
104.52
100.73
102.749
103.067
104.211
103.98
103.195
105.538
102.755
105.521
104.772
103.351
103.203
103.787
104.883
103.261
103.609
103.479
103.07
102.927
104.796
105.097
101.664
102.265
95.9978
103.681
103.552
105.065
104.086
102.983
102.617
111.192
106.133
103.26
104.483
103.36
103.279
103.36
103.346
103.124
111.568
104.309
100.128
102.44
103.461
104.707
103.977
105.303
102.817
103.828
103.937
104.609
102.385
102.928
105.268
101.799
104.01
105.108
105.903
103.516
103.624
104.586
102.953
103.125
103.055
103.075
104.476
105.146
103.317
102.273
103.804
104.843
103.723
105.493
103.337
104.932
102.829
102.924
103.372
103.652
101.482
105.456
105.486
103.181
109.539
103.321
109.728
103.802
103.094
104.043
103.619
104.676
102.504
105.753
103.252
102.22
101.576
104.058
103.652
103.715
103.328
102.777
103.147
102.7
102.439
102.273
105.174
104.991
103.262
103.151
102.949
104.471
103.31
103.286
102.49
102.662
103.842
103.967
102.299
103.848
103.477
104.768
104.165
103.552
105.555
103.68
104.6
103.362
103.818
105.011
104.786
103.474
105.93
103.046
102.646
102.61
103.23
104.602
103.032
104.51
103.182
102.637
97.9637
103.31
103.136
103.23
105.309
103.104
103.078
102.688
103.113
103.274
104.464
103.088
103.329
103.103
104.246
104.09
102.956
103.115
103.138
102.725
103.194
105.311
103.273
103.734
103.592
104.425
103.582
104.674
103.6
102.683
102.497
100.057
104.11
104.801
102.741
105.378
103.827
103.073
111.575
103.542
103.256
103.358
104.1
101.394
108.312
102.976
102.545
102.96
103.128
103.459
103.305
102.559
102.446
103.023
105.095
104.015
102.938
103.237
103.225
104.787
103.156
104.968
102.314
86.0467
103.662
102.923
102.712
103.742
103.301
103.63
105.386
105.172
101.9
99.8366
104.72
106.32
103.505
103.213
103.198
103.031
102.515
102.872
102.112
103.186
103.361
103.74
103.358
103.366
99.5136
105.878
105.314
103.47
97.5023
104.967
105.859
103.709
105.134
100.842
104.414
103.534
103.173
104.803
104.828
104.057
104.529
103.841
101.967
105.259
103.837
104.382
103.075
103.513
102.406
103.571
102.768
103.464
103.225
113.164
103.956
100.787
103.034
103.44
103.057
103.279
103.63
103.272
103.184
104.755
102.877
102.545
103.892
102.703
102.166
103.874
104.509
103.424
105.083
103.316
105.728
103.757
103.31
132.412
104.762
103.286
104.622
103.533
103.296
104.949
102.901
104.55
103.235
103.457
105.86
104.37
105.421
104.917
103.343
103.239
104.038
94.5782
103.963
103.246
103.591
103.591
103.477
100.04
104.964
102.686
103.434
104.621
103.862
102.91
106.076
104.597
103.825
102.45
104.672
102.239
103.367
104.318
104.239
104.588
103.577
104.392
102.827
106.483
103.627
102.331
103.85
103.885
104.542
102.724
102.951
104.512
104.711
103.913
103.183
102.614
103
102.879
104.13
103.958
104.933
102.757
103.593
103.515
100.87
102.766
103.317
105.051
104.102
105.062
105.367
103.177
103.964
102.558
106.699
102.745
104.773
102.843
103.282
103.303
103.916
108.126
102.637
102.98
104.459
104.489
104.465
104.708
106.338
103.412
105.722
104.342
102.939
105.008
94.5739
101.597
103.049
102.866
103.268
102.075
102.6
105.93
102.774
104.308
105.496
102.467
103.871
103.105
105.157
100.655
104.428
103.317
104.773
105.297
109.317
105.644
103.048
104.992
105.396
103.665
104.097
102.57
103.334
103.319
103.379
105.158
103.02
103.644
104.086
104.538
103.037
104.451
105.75
104.537
102.265
103.293
104.273
102.816
103.168
103.36
105.811
104.63
105.142
100.711
103.639
103.316
104.21
103.41
103.647
103.799
103.53
104.079
104.55
105.894
106.633
106.058
105.071
104.66
103.455
102.803
106.36
105.012
105.051
102.816
104.371
102.678
104.544
102.819
104.576
103.5
104.702
103.578
103.67
103.084
104.087
103.996
104.206
103.444
102.174
104.094
103.017
105.071
104.656
103.234
94.1799
102.431
103.957
105.183
102.774
104.395
105.375
103.32
102.697
103.203
103.402
105.278
105.345
102.896
98.9811
103.748
102.891
104.663
103.235
104.07
105.229
102.922
104.046
104.234
102.078
101.585
103.321
104.322
103.861
108.478
102.722
103.382
91.637
103.968
102.974
103.483
102.934
102.851
102.23
105.398
102.544
102.704
105.327
103.001
103.058
102.575
103.622
104.794
103.18
98.7809
-35.7071
102.884
105.211
104.481
102.225
103.536
102.566
105.204
104.5
103.564
99.7854
103.488
104.273
104.626
104.6
104.494
102.425
104.27
93.2955
102.389
103.642
104.792
103.103
96.9285
104.665
103.319
102.753
104.59
102.438
102.794
103.246
103.216
104.669
102.821
128.997
104.858
103.648
100.396
103.544
104.492
105.112
103.276
103.576
104.487
103.571
104.346
104.598
104.739
102.963
103.847
97.7294
103.865
104.818
105.848
105.101
102.432
103.832
102.618
104.157
104.298
120.629
104.31
103.118
103.169
105.466
103.973
104.467
103.48
104.463
103.414
103.131
101.835
103.173
103.709
103.594
102.458
108.663
105.238
103.9
105.254
103.54
105.116
103.265
130.688
103.065
106.391
103.097
105.222
103.467
104.957
102.067
104.6
105.308
103.465
104.088
104.517
103.376
105.77
104.367
104.928
105.356
102.91
103.344
103.322
102.885
103.457
104.583
102.738
101.593
103.048
102.462
104.025
105.148
104.371
102.759
103.679
102.542
103.276
91.7515
103.877
102.928
103.133
103.907
104.769
109.442
105.3
105.087
103.349
104.455
103.634
93.9739
104.155
103.245
104.369
100.951
103.987
103.689
103.929
105.192
105.228
105.372
103.468
103.266
107.395
102.399
102.007
102.886
103.561
103.46
103.272
102.751
104.006
103.829
104.13
103.347
103.135
102.865
103.923
104.794
103.437
104.728
103.354
103.787
102.964
104.139
103.697
102.914
107.116
105.201
104.7
104.286
81.9901
106.491
92.8011
104.18
103.065
103.113
102.88
105.196
105.556
103.805
103.388
103.388
103.824
102.605
103.309
102.965
103.256
103.929
104.476
103.099
103.322
103.664
103.333
89.3845
104.554
103.267
103.214
104.554
103.36
102.479
103.583
104.117
104.681
103.526
107.719
103.452
103.341
103.246
103.568
100.106
104.381
103.246
103.703
104.931
101.651
103.779
103.85
103.493
104.65
103.38
104.691
103.064
104.277
104.227
99.9249
105.127
103.531
103.238
102.921
105.272
102.869
104.187
105.587
104.497
106.293
105.044
100.008
103.394
102.4
103.489
92.6426
-0.940927
105.997
103.353
105.645
105.833
103.583
90.9515
106.304
104.477
103.107
102.887
104.528
103.318
102.951
103.951
103.186
102.837
104.466
103.15
104.647
103.389
103.367
103.493
99.1467
111.658
103.96
101.867
107.227
102.308
102.782
105.663
105.668
102.054
104.175
104.185
104.684
105.606
102.798
102.725
105.215
104.424
103.415
102.719
104.372
102.966
104.397
102.866
102.524
102.92
106.704
103.543
103.778
103.07
104.824
126.607
105.097
103.248
103.249
103.834
103.433
104.501
91.4275
104.445
104.55
104.139
103.524
101.868
103.853
103.85
102.988
100.967
102.406
105.608
102.903
102.238
104.563
102.418
97.6214
102.901
103.321
103.518
96.2248
102.687
103.565
104.219
107.065
104.529
103.544
103.325
103.169
104.933
103.616
105.07
103.07
103.14
104.928
105.561
102.514
105.059
101.414
103.038
102.768
103.985
103.306
102.892
102.985
105.429
105.177
104.964
103.635
105.289
104.126
104.327
105.079
103.704
103.093
110.592
102.804
103.061
103.748
103.392
103.729
103.442
106.864
103.599
103.579
106.269
101.715
102.381
103.377
103.302
105.755
103.785
105.732
104.641
102.829
103.681
105.19
102.827
102.983
104.053
103.386
102.218
103.517
103.571
104.359
104.365
103.606
103.778
103.176
104.768
108.193
103.631
104.375
42.3855
105.953
103.113
102.917
104.403
103.073
103.695
103.305
103.697
104.231
104.717
103.204
103.233
103.882
104.385
104.083
105.318
103.456
102.18
104.773
103.206
104.747
104.412
104.348
102.599
103.441
102.75
104.6
102.752
23.7855
105.208
102.759
102.558
103.239
104.344
101.118
103.479
105.662
103.952
103.716
100.691
104.348
99.1853
105.101
103.846
102.276
103.16
98.3038
86.2553
104.923
103.102
101.861
105.393
103.266
103.169
103.578
103.996
106.243
101.835
102.924
103.662
106.482
102.786
106.662
104.939
102.701
103.158
103.657
104.845
102.929
104.912
103.193
103.289
105.626
104.074
102.957
103.698
103.528
104.737
105.297
102.664
101.345
104.493
96.1935
103.218
105.267
102.586
103.008
105.481
103.443
101.56
102.909
103.197
104.821
108.402
102.749
103.474
99.8991
103.861
104.603
100.842
103.171
100.632
105.292
104.739
103.239
105.107
102.107
103.376
104.033
96.4865
101.661
102.842
103.171
104.428
104.937
103.854
103.119
103.609
103.23
104.857
104.657
103.514
103.616
103.621
84.4451
102.704
109.469
103.477
103.487
104.81
103.503
103.32
111.547
105.168
102.768
104.119
104.958
104.692
103.878
103.568
100.332
103.301
97.5506
103.072
105.013
103.159
103.569
104.476
102.667
103.176
102.905
104.303
104.324
104.602
120.099
102.672
103.151
103.332
102.796
102.463
105.369
103.056
103.337
108.529
103.566
103.156
105.674
103.063
102.76
102.968
102.584
103.877
102.852
102.303
104.49
104.804
102.463
102.529
102.409
106.124
103.287
103.595
100.376
102.726
103.466
102.487
104.587
104.999
103.677
112.062
103.741
103.237
103.254
103.747
104.552
102.294
103.342
103.124
104.632
104.347
104.457
102.632
107.531
103.561
106.012
102.393
104.717
105.233
102.945
102.979
104.756
104.954
103.106
102.89
103.017
103.005
102.75
103.388
108.696
103.586
104.918
101.38
102.66
103.611
103.196
103.924
104.473
103.334
103.599
102.832
102.43
105.598
103.163
103.747
103.683
102.926
102.892
103.452
102.552
103.504
103.86
105.092
103.596
102.603
104.579
103.45
102.79
104.509
102.664
102.445
102.825
104.292
103.103
102.978
103.282
103.484
107.15
102.603
103.037
103.296
104.304
103.588
104.676
104.557
103.197
105.465
103.01
103.988
102.525
102.805
102.983
104.64
104.736
104.955
103.187
105.099
103.536
104.399
116.299
101.78
103.89
104.017
103.735
102.262
104.837
103.194
103.212
104.919
104.682
104.249
103.058
102.748
103.338
102.886
105.602
103.74
102.409
103.5
104.4
103.817
103.924
104.817
104.431
102.78
104.653
103.426
103.592
104.459
104.231
102.805
99.2505
103.179
103.336
104.91
103.612
102.968
104.867
103.137
103.421
103.288
103.401
105.045
103.414
102.438
104.184
102.975
103.087
102.294
103.196
103.431
103.482
104.057
106.026
103.709
103.226
105.95
104.656
102.391
104.497
102.297
103.519
100.927
96.5355
103.966
102.359
104.681
102.988
103.112
103.833
105.427
104.7
104.539
103.834
103.158
103.152
102.74
104.545
103.093
87.401
103.517
103.584
105.048
105.122
104.37
105.413
104.369
102.519
103.409
105.231
103.255
102.591
103.464
102.373
102.507
104.366
103.519
103.291
104.283
104.866
101.214
103.065
104.338
105.124
105.583
103.164
103.142
102.981
103.999
102.29
102.753
103.11
111.413
104.344
103.381
104.217
92.5142
102.87
104.491
103.469
102.962
105.103
102.725
102.013
106.202
103.123
103.368
104.222
105.301
103.841
103.429
103.284
102.901
104.907
103.058
103.917
103.288
102.242
103.432
103.063
103.445
106.718
104.947
104.903
103.346
102.771
105.483
102.188
104.406
103.59
102.464
105.561
107.342
105.97
103.986
104.425
103.111
103.093
105.491
105.398
102.988
104.804
104.135
105.346
103.199
103.99
103.696
104.2
103.178
101.335
103.428
105.804
103.06
103.017
99.4814
104.696
103.672
105.715
102.719
102.447
102.856
105.352
101.841
104.103
105.905
104.429
103.887
103.319
104.756
104.944
103.068
103.038
106.608
105.352
102.802
103.237
104.064
103.347
106.512
103.783
103.283
105.063
103.143
103.777
104.203
105.08
103.239
103.439
102.839
105.482
103.645
102.892
102.967
105.092
99.6353
103.021
103.033
104.871
103.287
103.402
103.087
105.553
103.491
102.599
102.912
102.354
105.131
103.175
103.088
90.6973
98.9872
103.379
103.507
103.084
102.553
105.294
102.926
102.601
102.513
103.317
107.581
102.895
104.687
103.093
103.364
102.839
104.575
102.926
104.103
102.975
102.836
103.894
104.481
101.32
105.492
104.773
103.609
102.637
102.952
104.464
103.395
104.243
103.296
104.548
102.806
101.649
103.375
104.802
104.528
103.441
103.333
100.893
103.921
116.291
104.611
104.72
103.363
103.123
103.854
104.256
99.1629
102.127
102.373
103.897
101.604
103.683
104.274
101.418
103.845
103.431
102.911
103.909
103.489
103.444
101.143
105.518
104.442
103.823
103.026
103.259
106.282
103.395
104.287
102.754
105.158
