  EnergyEV 
   5880.48 
   5887.57 
   5899.85 
   5898.92 
   5899.28 
   5897.79 
   5901.88 
   5898.66 
   5901.23 
   5884.85 
   5911.61 
   5886.84 
   5898.79 
   5903.12 
   5885.86 
   5898.41 
    5896.9 
   5901.87 
   5899.36 
   5897.03 
   5896.26 
   5899.18 
   5888.78 
   5899.35 
   5903.51 
   5902.24 
   6044.18 
   5901.75 
   5924.68 
   5900.88 
      5901 
   5893.62 
   5887.48 
   5900.23 
   5898.98 
   5897.13 
    5899.7 
   5889.42 
   5885.75 
   5885.23 
   5897.39 
   5899.34 
   5889.81 
   5901.21 
   5887.36 
   5900.55 
   5885.96 
   5890.13 
    5888.4 
   5900.97 
   5897.46 
   5902.55 
   5901.48 
   5897.94 
   5899.76 
   5910.19 
   5887.81 
   5892.52 
   5889.43 
   5896.14 
   5896.14 
   5900.76 
   5888.72 
   5901.97 
   5889.36 
   5888.42 
   5899.46 
   5901.04 
   5888.15 
   5889.34 
   5900.85 
   5888.81 
   5888.82 
   5910.05 
   5893.28 
    5898.6 
   5888.26 
   5901.69 
   5875.29 
   5897.75 
   5897.02 
   5901.52 
   5901.95 
   5897.48 
   5889.18 
   5904.07 
   5900.26 
   5900.52 
   5890.97 
   5889.81 
   5897.26 
    5902.6 
   5890.52 
   5904.55 
   5901.55 
   5899.91 
   5888.42 
   5886.75 
   5901.81 
   5886.53 
   5901.02 
   5901.46 
   5900.99 
   5885.86 
   5892.91 
   5886.34 
   5902.73 
   5906.51 
   5925.83 
   5886.72 
   5909.49 
   5903.03 
   5888.08 
   5896.69 
   5898.01 
   5903.03 
   5896.66 
   5903.97 
   5901.08 
   5886.98 
    5901.9 
   5899.73 
   5898.56 
   5897.69 
    5899.5 
   5895.23 
   5900.83 
   5888.32 
   5883.91 
   5882.45 
   5898.53 
   5897.98 
    5884.1 
   5900.53 
   5807.17 
    5890.3 
   5894.79 
   5881.65 
   5901.57 
   5905.09 
   5888.49 
   5898.63 
   5887.77 
    5895.1 
   5892.52 
   5903.19 
   5898.27 
   5891.39 
    5911.1 
   5898.43 
   5902.34 
   5901.27 
   5898.82 
   5903.51 
    5889.3 
   5888.61 
   5901.44 
   5886.42 
   5898.95 
   5891.86 
   5904.69 
      5900 
    5930.6 
   5893.68 
   5889.64 
   5896.66 
   5887.69 
    5898.4 
    5899.9 
   5901.57 
   5901.34 
   5912.94 
   5899.92 
   5897.87 
   5903.81 
   5893.44 
   5901.81 
    5898.1 
   5914.61 
   5900.23 
    5897.8 
   5878.97 
   5902.55 
    5902.8 
   5923.89 
   5895.99 
   5884.86 
   5903.51 
   5888.92 
   5902.41 
   5905.35 
   5902.32 
    5900.2 
   5888.14 
   5887.54 
   5899.28 
   5908.04 
   5900.03 
   5898.07 
   5899.42 
   5900.04 
   5896.57 
   5900.65 
   5900.49 
   5910.59 
   5888.59 
   5896.15 
   5887.56 
   5885.52 
   5902.11 
   5893.55 
   5897.85 
   5889.39 
   5891.68 
    5900.5 
   5900.98 
   5898.62 
    5792.9 
   5909.76 
   5902.69 
   5900.93 
    5897.2 
   5901.42 
   5888.65 
   5902.12 
   5900.04 
   5894.61 
   5897.62 
   5900.01 
   5887.25 
   5901.91 
   5895.96 
   5889.88 
   5904.67 
   5897.41 
   5890.95 
   5899.65 
   5897.39 
   5885.29 
   5898.51 
   5887.97 
    5886.4 
   5899.81 
   5902.04 
   5903.56 
   5896.36 
      5899 
   5903.37 
   5901.79 
   5893.54 
   5888.21 
   5887.97 
    5901.4 
   5887.51 
   5901.28 
   5903.19 
   5884.35 
   5901.56 
   5887.99 
   5890.35 
   5890.76 
   5889.57 
   5905.07 
   5895.61 
   5901.15 
   5897.91 
   5885.15 
   5902.61 
   5886.47 
   5896.53 
   5899.31 
   5900.28 
   5906.37 
    5901.4 
   5890.03 
   5901.55 
   5885.08 
   5903.93 
   5901.49 
   5901.26 
   5891.75 
   5889.02 
   5902.39 
   5898.59 
   5899.14 
   5899.11 
   5897.92 
   5903.85 
   5899.13 
   5892.28 
    5886.8 
   5886.18 
   5888.45 
   5900.36 
   5902.65 
   5901.37 
   5888.31 
   5894.74 
   5893.09 
   5891.12 
   5900.04 
   5906.82 
   5901.56 
   5902.59 
   5902.45 
   5855.45 
   5890.25 
   5902.13 
      5890 
   5884.97 
   5898.73 
   5907.08 
   5899.99 
   5900.53 
   5898.58 
   5884.78 
   5897.66 
   5892.73 
   5899.37 
   5848.06 
    5903.2 
   5894.86 
    5886.7 
   5889.28 
   5910.62 
   5908.33 
   5889.52 
   5891.99 
   5884.09 
   5897.14 
   5882.09 
   5893.62 
   5886.84 
   5899.17 
    5903.9 
   5897.61 
   5890.87 
   5906.69 
   5900.81 
   5897.64 
   5885.42 
   5903.53 
      5903 
   5902.35 
    5902.7 
   5887.86 
   5896.21 
   5883.29 
   5901.01 
   5887.11 
    5906.8 
   5904.87 
   5898.86 
   5901.06 
   5898.58 
    5884.9 
   5899.14 
   5901.37 
   5905.65 
   5900.73 
    5898.4 
   5893.32 
   5899.21 
   5879.34 
   5898.71 
   5901.08 
   5897.09 
   5901.06 
   5902.81 
    5897.4 
   5887.23 
   5890.53 
   5896.18 
   5888.94 
   5890.67 
   5897.17 
   5902.43 
   5901.85 
   5901.06 
   5898.26 
   5889.53 
   5900.48 
   5896.36 
   5883.28 
   5899.09 
   5903.41 
   5887.32 
   5898.25 
   5903.43 
   6041.39 
   5899.18 
   5900.23 
   5886.88 
   5891.96 
   5881.06 
   5910.23 
   5900.79 
   5893.86 
   5906.54 
   5899.72 
   5903.02 
   5889.18 
   5895.72 
   5901.18 
   5899.24 
    5892.8 
   5899.79 
   5900.02 
      5897 
   5884.92 
   5890.01 
   5881.84 
   5887.21 
   5895.28 
   5901.58 
   5896.45 
   5905.52 
   5903.47 
   5901.27 
   5886.38 
   5881.92 
   5905.38 
   5883.79 
   5898.19 
   5902.38 
   5899.66 
   5885.04 
   5896.08 
   5903.34 
   5864.31 
   5899.96 
   5897.66 
    5888.3 
   5903.65 
   5895.52 
   5893.55 
   5915.11 
   5902.62 
   5900.09 
   5904.98 
    5896.1 
   5900.03 
   5883.07 
   5899.69 
   5897.92 
   5912.67 
   5899.29 
    5888.3 
   5900.17 
   5888.68 
   5902.07 
   5896.35 
   5900.84 
   5902.03 
   5888.79 
   5885.38 
   5885.96 
   5900.31 
   5878.78 
   5901.25 
   5694.48 
   5901.94 
   5899.67 
   5903.19 
   5885.25 
   5899.83 
   5887.72 
   5904.19 
   5885.62 
   5901.92 
   5900.71 
   5895.86 
   5887.72 
   5904.78 
   5898.27 
   5899.71 
   5898.26 
   5900.51 
   5893.94 
   5893.48 
   5897.01 
   5888.32 
    5890.8 
   5879.09 
   5897.82 
   5897.81 
   5889.67 
   5886.97 
    5891.1 
   5899.44 
   5900.81 
   5897.95 
   5894.93 
   5904.61 
   5885.61 
   5897.52 
    5898.5 
   5896.71 
   5897.56 
   5889.94 
   5886.13 
   5898.76 
   5891.36 
    5879.2 
    5897.3 
   5893.14 
   5900.68 
   5886.39 
   5898.16 
   5890.61 
   5901.16 
   5900.72 
   5888.29 
   5900.64 
   5887.45 
   5898.63 
   5884.34 
   5904.45 
   5895.75 
   5899.72 
   5902.04 
   5890.08 
   5910.71 
   5902.14 
   5901.28 
   5888.56 
   5899.76 
    5896.1 
   5889.64 
   5910.63 
    5890.6 
   5900.43 
   5888.03 
   5904.94 
   5898.19 
   5894.26 
    5889.9 
   5901.14 
   5888.86 
   5898.28 
   5896.37 
   5886.18 
   5904.46 
   5887.52 
    5899.5 
   5897.17 
   5889.48 
   5885.81 
   5889.88 
   5897.76 
   5904.27 
    5896.2 
    5897.5 
   5885.13 
   5898.54 
   5905.74 
   5874.46 
   5897.87 
   5885.31 
    5899.3 
   5886.85 
   5896.81 
   5896.52 
   5885.81 
   5888.07 
   5896.41 
    5903.3 
   5900.98 
   5890.91 
   5904.92 
   5891.91 
   5887.26 
   5891.76 
   5865.82 
    5900.2 
   5908.25 
   5901.57 
   5900.64 
   5887.25 
   5889.19 
   5898.93 
   5900.29 
   5901.68 
   5884.48 
    5897.2 
   5901.43 
   5887.56 
   5898.25 
   5887.87 
   5900.69 
   5901.79 
   5964.64 
   5898.85 
   5890.36 
   5889.31 
   5898.06 
   5895.23 
   5889.93 
   5900.78 
   5895.15 
   5899.12 
   5901.75 
   5881.91 
   5901.21 
   5900.54 
   5902.83 
   5890.36 
   5898.87 
   5892.08 
   5897.75 
   5891.76 
    5933.1 
   5873.51 
   5890.84 
   5902.49 
   5896.94 
   5889.81 
   5904.59 
   5896.48 
    5899.8 
   5901.55 
   5899.98 
   5899.78 
    5901.9 
   5900.56 
    5898.6 
   5898.64 
   5900.39 
   5904.44 
   5884.32 
   5890.53 
   5886.72 
   5894.73 
   5898.74 
   5901.22 
   5899.95 
   5896.49 
   5883.01 
   5889.89 
   5901.38 
   5884.63 
   5899.15 
   5886.86 
   5888.75 
   5897.14 
   5884.86 
   5881.61 
   5891.52 
      5905 
   5925.88 
    5888.1 
   5897.57 
   5897.84 
   5905.29 
   5902.92 
   5891.51 
   5892.04 
   5901.55 
   5903.95 
   5899.01 
   5890.16 
   5903.92 
   5897.28 
   5886.48 
   5896.74 
   5899.82 
   5898.22 
   5899.95 
    5897.8 
   5899.07 
   5901.05 
    5899.5 
   5888.94 
   5902.85 
    5898.8 
   5891.63 
   5888.42 
   5901.95 
   5901.78 
   5903.34 
   5883.43 
    5895.4 
   5886.56 
   5885.88 
   5938.61 
   5893.37 
   5889.68 
   5887.97 
   5888.64 
   5900.62 
   5900.05 
   5897.04 
   5884.95 
   5901.27 
   5899.27 
   5901.83 
   5886.78 
   5889.51 
   5905.67 
   5890.05 
   5900.38 
   5900.05 
    5888.9 
    5902.5 
   5898.29 
   5898.62 
   5897.15 
   5899.76 
   5883.32 
   5900.48 
   5890.25 
   5900.61 
    5899.3 
   5891.32 
   5890.52 
   5902.83 
   5899.88 
   5887.47 
   5896.89 
   5896.29 
   5896.63 
   5890.28 
   5889.88 
   5895.32 
   5899.42 
   5894.49 
   5885.39 
   5912.14 
    5886.6 
   5899.48 
   5890.68 
   5888.26 
   5886.05 
   5887.16 
   5897.74 
   5890.65 
   5901.24 
   5906.55 
   5891.73 
   5897.58 
   5889.43 
   5891.67 
   5901.98 
   5881.61 
   5889.01 
   5900.43 
   5888.15 
   5909.62 
   5904.49 
   5897.15 
   5898.17 
   5898.07 
   5887.25 
   5888.58 
   5891.28 
   5893.12 
   5898.64 
   5912.99 
    5890.5 
   5897.42 
   5894.95 
    5894.5 
   5890.09 
   5891.83 
    5887.2 
   5902.74 
   5895.64 
   5893.32 
   5899.47 
   5890.88 
   5899.27 
   5897.96 
   5898.69 
   5884.99 
   5901.07 
   5902.89 
   5896.51 
   5904.24 
   5888.39 
    5900.5 
   5897.94 
    5899.6 
   5898.89 
   5902.35 
   5808.27 
   5899.56 
   5899.85 
   5885.81 
   5898.33 
   5887.64 
   5895.35 
    5905.6 
   5901.75 
   5845.09 
   5897.38 
   5894.92 
   5894.74 
   5883.74 
    5902.5 
   5898.53 
   5891.48 
   5890.63 
   5891.84 
   5905.64 
   5906.27 
   5886.49 
   5886.33 
   5901.83 
   5893.25 
   5898.05 
   5887.73 
    5892.7 
   5890.54 
    5902.8 
   5905.81 
   5903.09 
   5901.33 
   5901.56 
   5891.46 
   5895.76 
   5902.87 
    5882.9 
   5901.87 
   5887.82 
   5906.37 
   5899.02 
   5902.88 
   5889.67 
   5901.66 
   5901.31 
   5902.13 
    5887.7 
   5896.15 
   5896.66 
   5900.54 
   5903.32 
   5890.83 
   5888.58 
   5899.14 
   5901.75 
   5907.56 
   5896.63 
   5905.86 
   5897.18 
   5938.24 
   5891.38 
   5900.66 
   5891.19 
   5897.95 
   5903.45 
   5891.85 
   5886.87 
   5900.89 
   5897.69 
   5902.62 
   5904.21 
   5900.59 
   5890.29 
   5900.46 
   5902.27 
   5888.58 
   5899.69 
   5890.71 
   5888.15 
   5889.98 
   5903.09 
   5890.51 
   5895.72 
   5906.99 
    5878.8 
   5898.53 
   5899.66 
   5900.67 
   5899.86 
   5911.11 
   5888.27 
   5952.23 
   5906.39 
   5896.76 
   5894.73 
   5899.83 
   5899.06 
   5898.62 
    5887.7 
   5890.74 
    5896.7 
    5886.8 
   5894.91 
   5899.46 
   5886.97 
   5904.84 
   5903.21 
   5899.99 
   5884.97 
   5898.65 
   5896.55 
   5902.29 
   5890.33 
   5886.19 
   5886.91 
   5911.57 
   5887.18 
   5899.96 
   5898.85 
   5890.54 
   5891.27 
   5891.92 
   5898.29 
   5900.12 
   5889.45 
   5894.46 
   5900.32 
   5897.79 
   5900.57 
   5899.75 
    5897.8 
   5900.46 
   5890.75 
   5891.54 
   5889.17 
    5886.1 
   5811.28 
   5880.53 
   5902.11 
   5896.61 
   5892.63 
    5892.1 
   5883.39 
   5823.15 
   5890.46 
   5899.33 
   5888.92 
   5918.03 
    5903.9 
   5890.41 
   5896.75 
   5897.43 
   5897.25 
   5891.51 
   5901.65 
    5888.4 
   5883.78 
   5875.53 
   5889.37 
    5902.4 
   5886.21 
   5888.03 
    5901.7 
   5901.72 
   5895.86 
   5903.38 
   5888.93 
   5893.59 
   5898.82 
    5899.7 
   5940.01 
   5893.51 
    5890.5 
    5898.6 
   5900.16 
   5898.22 
   5899.78 
   5888.37 
   5886.75 
   5886.17 
   5888.35 
   5897.71 
   5890.02 
   5885.14 
   5916.91 
   5886.24 
   5904.84 
    5897.8 
   5888.83 
    5899.6 
   5898.21 
   5899.37 
   5900.59 
   5900.55 
   5900.57 
   5898.88 
   5898.97 
   5898.85 
   5898.99 
   5899.29 
      5898 
      5902 
   5884.83 
   5899.71 
   5900.49 
   5889.15 
   5902.04 
   5903.66 
   5890.37 
   5897.63 
   5896.08 
   5891.08 
   5888.59 
   5889.29 
   5900.74 
